4.999999999999999584e-02
5.902163066930905810e-02
6.967105773728644869e-02
8.224198876220456533e-02
9.708112572464609735e-02
1.145977269496163964e-01
1.352748943112516700e-01
1.596828970173702622e-01
1.884948994392907917e-01
2.225055267550874183e-01
2.626527804403767097e-01
3.100439080283807214e-01
3.659859406184061692e-01
4.320217403467849770e-01
5.099725519972015952e-01
6.019882323092766718e-01
7.106065422925670338e-01
8.388231378077329881e-01
9.901741887311785728e-01
1.168833905311487120e+00
1.379729661461215118e+00
1.628677890045092447e+00
1.922544498110220212e+00
2.269434226255471643e+00
2.678914174606791043e+00
3.162277660168379523e+00
3.732855682645298767e+00
4.406384588858447415e+00
5.201440075810771724e+00
6.139949502060919606e+00
7.247796636776953960e+00
8.555535525242195405e+00
1.009923315897995977e+01
1.192146419105109345e+01
1.407248513043222005e+01
1.661162039935428325e+01
1.960889848058895524e+01
2.314698327906594244e+01
2.732345396411405147e+01
3.225349616959616128e+01
3.807307877431758669e+01
4.494270387722566085e+01
5.305183339043469459e+01
6.262411433399910266e+01
7.392354694427757522e+01
8.726176571020964445e+01
1.030066341459954344e+02
1.215923903410716491e+02
1.435316230981837293e+02
1.694294089573494091e+02
2.000000000000000284e+02
