96.7003
29.8381
6.84894
0.206076
1.55278
0.525175
79.2241
8.58662
8.38956
197.437
3.48267
48.2973
2.62844
3.63324
1.04185
33.0855
2.86209
5.60251
24.066
0.0597405
150.46
163.44
1.43293
0.365722
0.0897761
4.67965
0.38
0.299837
15.7794
159.075
5.77787
3.25551
81.3448
12.3576
51.292
0.0682111
3.42327
4.15664
1.83429
67.8911
0.0531147
71.8483
0.459071
2.21295
159.459
182.01
22.2811
78.618
0.367956
12.0525
0.0540959
55.571
26.8548
4.23649
0.775398
0.0774194
17.4057
12.7156
0.608202
16.8677
0.233142
0.32372
1.52326
0.0695527
125.053
6.38091
47.3943
2.21984
0.232228
1.86163
14.013
0.394555
95.0294
34.2406
191.74
0.5381
0.117064
5.5011
2.38069
0.312053
0.316555
164.843
39.3739
69.2994
5.91967
20.0913
27.667
12.0307
171.872
40.0935
0.0577108
2.51761
0.833599
23.3907
0.470136
11.0985
0.0682227
0.590831
7.09692
49.6576
67.27
1.676
87.123
0.360315
7.67222
0.724897
0.0808178
0.0677827
1.06924
0.10965
0.529867
0.459853
4.8431
0.170821
0.115976
90.7213
2.46695
14.1726
1.11168
16.3774
8.78943
0.129302
0.108667
3.16507
0.529726
159.684
13.679
146.251
0.472252
0.15601
0.0815632
0.101863
16.0762
3.64117
2.59335
0.351723
151.684
0.130909
0.366419
0.0535014
5.04785
161.761
1.13082
11.6324
116.33
10.9027
3.78873
1.48534
93.5213
0.0808376
0.711859
50.8939
4.30229
0.204768
141.675
11.7842
189.351
0.169982
19.1516
2.78668
150.138
176.079
168.207
157.587
18.8708
15.6064
0.291695
19.144
2.33289
74.6804
0.420409
26.74
2.7947
0.382977
0.152166
0.124458
198.597
46.1713
0.0709946
127.077
1.52415
0.137768
21.2752
0.208485
4.67973
98.3607
19.5111
105.152
165.464
3.65399
109.228
1.78529
5.25081
0.59721
2.57006
0.133541
28.1985
0.0738412
1.84962
1.94903
1.82368
0.053852
3.88703
2.49675
18.0484
0.303973
1.55329
19.1678
11.603
20.7935
0.19378
1.15679
4.92245
10.1971
21.6377
38.3929
41.994
0.0510171
0.942016
1.39732
18.5866
189.89
17.0042
1.36885
28.6607
0.506773
33.9859
0.124174
36.3377
0.0659513
2.94766
1.3994
0.316969
3.91135
61.6841
5.80485
0.100797
1.06614
5.01704
0.951566
0.0693469
48.3578
2.68594
0.120108
0.169639
3.75674
0.287708
3.29592
6.12974
44.1004
0.646299
0.62647
43.4981
0.897783
197.285
0.0757998
32.238
1.07369
38.1896
12.842
0.447158
8.25274
0.508232
0.0685714
158.972
1.05447
0.289872
0.307726
58.9796
0.264503
69.8707
0.161235
11.986
21.7124
17.5495
0.186347
88.9248
112.325
0.0673608
1.83724
26.0182
0.115817
0.317433
0.235555
53.5375
0.184638
95.2193
43.7793
0.0685262
0.294628
121.251
74.5763
0.0683577
155.844
1.14747
18.9829
0.348933
58.9349
1.7022
0.0938653
0.186451
10.2625
31.7168
1.46331
0.814811
0.318771
0.0603218
0.0792826
23.4921
0.73616
0.406472
110.708
5.58212
26.7984
0.203506
20.027
0.189777
2.3284
0.166482
0.202802
12.4988
0.149936
3.06034
11.4581
1.19125
0.343511
3.72993
0.0770076
0.287532
5.61451
33.7521
3.99126
86.6541
0.769953
4.80178
39.5078
0.0522931
27.6373
0.0782587
0.0600777
5.45129
12.4466
1.68456
8.53288
9.93632
20.0662
52.8936
1.72846
29.3297
0.314292
1.0682
21.3106
0.286532
15.7308
2.22348
0.0770148
1.23025
44.5894
51.2185
0.195889
22.0693
0.253805
0.133323
2.60975
0.0558931
0.0691953
128.674
0.333369
24.3454
14.1493
9.30278
0.179166
72.6721
8.37993
6.45283
0.157383
11.5127
8.14769
0.0976741
1.50838
1.91143
0.0614554
2.60504
0.223079
11.7114
1.75017
23.7667
60.0703
48.3883
0.380862
6.8139
0.840544
9.08832
15.1006
32.5634
0.861839
0.804776
11.7672
0.17047
0.59751
38.1558
6.2826
1.61357
110.929
0.149114
6.7272
2.56385
171.834
3.44427
171.536
168.058
0.103773
1.24319
170.336
47.2212
5.33231
11.3834
58.1301
0.305059
0.104123
0.477932
0.383068
0.0830441
104.751
5.73427
0.106119
0.250782
13.2514
157.227
5.92513
2.96335
1.27102
36.0433
0.560154
5.56588
0.143444
0.311674
9.30985
14.5333
3.08689
0.21266
4.99493
7.40034
0.512828
0.14155
1.68893
157.375
31.0445
0.104871
0.406681
3.30816
1.68936
0.979146
1.72537
0.0711554
0.736308
40.899
119.821
0.12146
195.227
1.69396
17.0926
0.958486
1.05004
2.96603
37.1436
1.83263
0.0637837
0.0774719
0.146244
76.5239
0.563377
0.37286
12.0798
0.796453
5.73565
0.0940648
4.92503
2.07348
0.5026
2.70271
0.142597
0.0809428
16.1099
105.374
34.4373
2.3168
0.368866
0.0910619
37.546
95.8107
1.84474
9.51509
75.1921
1.04681
26.6057
158.356
87.7678
7.90326
132.116
42.9307
0.223391
3.76026
0.190417
6.09961
9.06309
7.06047
15.8738
1.33156
25.4265
0.0600057
66.5086
6.40612
0.164086
0.598662
69.8609
22.2143
0.0749045
12.0154
56.3082
44.4328
1.71996
2.30917
1.51337
0.654508
101.584
1.05269
13.5303
0.0557605
173.201
3.06176
0.0829868
182.931
0.518462
39.7305
181.044
0.789855
9.74902
9.96215
1.25715
72.6176
168.03
1.20755
107.438
2.79481
1.14094
0.101284
0.400564
40.9552
83.3657
45.6387
25.3395
95.9138
0.265289
0.261152
74.852
26.5967
8.82682
0.146785
2.38009
5.80251
32.1118
24.2836
110.191
0.490173
0.208653
1.59757
48.4499
49.7299
40.4202
2.14483
5.00393
6.86562
10.0669
0.209948
3.48172
111.278
47.7518
0.174512
0.968474
0.245112
48.331
7.35133
9.62439
0.0776586
125.479
105.331
68.3859
3.72376
0.665857
71.0854
65.9301
29.8628
0.180686
19.1544
2.22925
5.8091
1.85472
4.9693
10.129
2.39206
35.8008
6.71268
194.596
8.87041
0.0844912
0.165408
0.92446
4.62967
0.770711
14.2217
43.8801
0.195785
0.0656495
0.084389
0.138469
23.4601
37.7948
0.129619
0.286962
91.0971
0.0558118
0.43007
5.52422
53.0909
1.09309
5.43619
35.8612
16.7196
37.9848
133.186
0.300893
1.90887
0.0927843
3.85377
0.0686709
1.41112
0.235439
0.268653
22.8089
0.412748
1.56129
0.459246
1.78695
0.408075
1.27454
117.12
1.36449
88.9597
0.163235
8.7365
0.0758728
0.777668
0.710366
0.446741
4.26047
0.305187
0.13888
0.367129
0.463109
30.3323
41.3993
28.2172
10.9665
0.354636
11.6619
1.71451
1.00913
11.6698
0.0878936
1.82952
0.643644
67.6842
21.8725
26.0435
68.8672
116.066
0.0777912
82.8552
1.61318
0.293304
35.0819
0.0853492
3.04416
0.292909
82.7162
38.7152
22.7329
0.375973
0.0511527
1.48598
12.0313
2.33111
0.238653
95.7238
6.00157
2.15032
0.0580314
3.88504
66.4257
0.123706
1.05764
113.163
3.47189
128.229
16.7845
70.6339
8.4068
81.3684
49.0729
0.332246
1.42034
0.37957
173.343
87.0328
0.320982
16.8678
0.536686
0.46393
78.5633
0.0561173
43.4769
0.110723
0.587488
0.619622
1.6206
148.946
186.265
0.274253
0.0786349
37.2839
4.31065
4.59079
7.11282
0.337404
55.8621
0.49054
95.2913
13.3168
4.16608
0.39697
1.14861
0.700569
133.214
0.154463
9.29469
1.51813
20.7933
4.39997
0.263921
2.00288
42.1751
132.235
0.762099
126.549
4.73593
16.4638
18.5314
22.5363
0.368704
21.7995
19.1625
0.315683
3.51557
30.2255
1.6935
1.35569
46.3599
0.079152
26.3676
6.5391
0.596684
96.8686
0.0822179
0.257742
6.23923
32.9605
0.227912
0.0799841
109.318
1.77241
117.403
0.0835282
102.218
0.279608
0.56259
4.77412
17.1536
0.532085
33.6213
56.8815
1.75982
146.893
19.3265
0.22932
0.599768
0.743978
12.154
19.8532
34.0315
0.650521
0.0508482
0.0975994
1.72143
5.40834
7.41334
55.0876
0.250224
0.0768422
22.8418
0.172993
1.06501
4.56594
7.15857
53.2325
0.110718
107.131
8.74329
6.30844
72.8827
0.178117
0.32796
61.1012
0.356252
1.50954
0.180029
5.25216
0.298071
18.1709
0.13537
0.107701
190.468
0.384422
0.308431
0.0533324
4.01395
21.5599
17.6616
0.0540803
4.26544
0.0570401
22.0418
23.294
0.137638
0.109218
0.349725
55.3807
0.0875465
4.46284
3.42715
5.59365
0.225138
20.0875
2.40093
0.92685
0.706742
0.406042
1.90157
50.0899
9.93506
0.214096
109.931
12.6587
9.88251
24.7491
0.110486
2.00196
96.1022
0.350177
20.1435
0.289352
0.643421
0.571965
70.6769
71.0419
3.81005
6.26645
23.3487
0.182216
0.556689
0.11692
10.4237
0.518072
138.459
196.648
105.045
0.363786
18.5684
25.218
2.03775
0.617982
4.46278
117.976
0.0856942
16.8996
157.583
170.077
3.40142
0.964089
18.6153
0.585749
59.3375
14.9362
33.6326
23.9591
1.40692
1.8578
153.63
0.335483
39.7257
4.95287
18.9069
2.50582
0.111514
31.9033
91.7861
117.584
2.62379
16.712
0.148665
15.3549
12.8301
8.9837
0.497572
47.565
82.9952
60.407
22.2391
4.67761
0.0763044
60.2198
45.9098
0.201423
2.55729
12.8348
4.43058
1.52001
60.5495
45.5028
0.163632
0.271033
3.64166
5.27368
62.4109
17.3958
0.214643
83.8887
2.05698
93.5438
0.335045
164.368
164.553
0.183261
4.94205
1.33939
82.558
3.67826
0.0918587
2.67812
0.396214
0.79949
62.2522
0.129159
0.285486
2.74512
179.789
122.385
0.169683
24.1243
0.0640244
0.539033
60.0849
36.4684
0.723774
0.54438
0.506742
0.262893
7.27911
0.649822
0.0605204
125.877
0.265181
45.1636
33.3012
0.350887
9.7606
3.25203
31.7363
1.05722
2.87908
22.9902
3.72888
0.323722
1.87675
0.0949807
0.239627
0.135981
2.71666
63.0313
0.105188
74.6353
41.0862
0.676844
55.8171
159.11
14.0252
0.227314
0.576382
3.90104
2.81412
54.9544
3.10944
0.747775
5.05881
10.8749
12.674
39.3386
3.46677
0.778902
0.13507
0.0846109
35.2679
2.18693
0.312355
0.0834053
120.795
0.423189
0.0510905
0.291241
93.2259
0.472672
78.3565
16.7144
34.5974
1.01266
0.0536216
2.2578
0.814696
4.57691
0.23834
0.121668
4.01472
14.6069
36.344
9.25096
0.113666
8.31413
5.97458
2.7737
1.48818
12.0807
3.46367
13.6356
3.21691
18.7657
0.109855
3.34538
0.465646
0.166149
0.343683
0.610473
0.562149
75.4354
19.3075
0.434451
3.51627
0.747963
6.51636
1.43584
6.1759
0.447662
0.733337
94.9852
153.642
10.9721
0.277031
3.46957
1.47146
0.472336
12.4871
32.0066
60.816
0.874824
121.421
3.52978
2.32934
4.33924
2.12262
0.260362
23.8356
1.59591
0.456982
82.358
14.0307
14.2708
5.87683
49.9619
1.56178
0.441286
1.51521
0.0838155
51.5562
4.89484
0.188672
0.219839
117.67
47.0893
40.6425
0.974058
1.49537
1.22747
0.862837
53.3947
0.418161
0.129348
0.453574
52.967
10.4225
137.761
1.12736
48.0098
104.217
1.02483
0.162294
0.283021
38.5151
143.604
1.09979
0.075905
0.697361
49.3014
0.487188
2.18913
0.211738
5.84033
3.10677
0.144086
0.371192
30.4143
1.16167
1.88891
17.0543
101.312
0.835874
0.536451
0.343008
0.175119
1.92731
0.137493
0.0530419
7.13197
1.26999
156.893
0.157238
1.47851
58.082
32.6431
0.421639
0.363022
0.937987
185.323
0.0501233
0.197751
3.54918
1.95897
2.53987
0.335488
11.5141
0.1348
31.3404
0.152459
0.94313
0.911389
0.663163
79.9014
3.47832
0.0975766
1.4774
4.85922
2.154
0.0929563
0.406846
1.2596
1.28449
1.61215
113.827
4.36715
19.0788
180.614
3.0088
0.0532409
8.34938
1.32919
11.8982
0.812919
0.271182
87.9877
16.2737
4.25485
1.92715
0.317529
40.3988
2.64728
0.0729297
46.3
197.606
0.150039
188.1
0.153559
39.7394
0.849391
57.7058
4.91618
38.8292
24.9552
8.73835
179.566
38.1096
1.86687
0.93098
0.14976
45.6
4.34725
101.421
0.209476
27.7571
0.0516039
19.3505
81.125
49.9132
1.24401
7.07137
19.7971
1.82796
0.413562
2.02759
1.02134
3.85917
2.79161
1.95375
36.9626
132.109
6.8621
1.55068
3.95829
0.136464
0.255152
0.147215
0.616588
95.0406
11.6929
0.933788
5.92419
0.513936
10.6453
1.72765
53.4416
0.0780032
39.7485
2.41834
35.039
78.4764
23.9271
188.041
133.746
99.5204
42.5827
0.169044
0.697771
9.4456
0.0709211
38.7847
25.4948
4.23906
20.2958
1.84591
1.868
2.36625
0.235897
1.40293
146.882
146.047
0.219615
2.17996
0.164387
0.62289
0.126692
7.40158
0.752633
1.21774
1.68996
0.201115
110.945
39.2468
0.487794
0.0540904
0.0745871
0.339142
0.0717189
7.19786
17.2204
1.25896
8.11657
0.30145
0.0587473
13.657
5.3534
0.943416
10.477
0.0961997
2.72185
0.570407
0.632399
0.106107
1.63692
23.2875
4.23544
19.6886
126.228
0.0856619
25.1763
0.678117
34.5309
25.4723
0.227301
1.00868
0.306728
7.39247
5.28
14.1905
0.241695
0.0533511
34.6703
19.0543
50.5431
21.9702
0.971135
41.104
0.249209
1.83507
5.34222
16.4185
39.5161
85.8752
9.64168
0.274786
5.46835
0.0856364
0.0733128
8.37298
0.0655672
122.808
83.8747
0.0739784
0.0551998
4.00219
0.572614
27.571
0.178347
166.802
3.43803
10.6266
0.239365
11.0776
8.59994
0.182533
1.36299
1.16182
99.7508
1.889
1.08433
5.71265
3.4465
66.3058
0.54432
0.827046
0.470345
1.13667
11.643
23.842
1.82685
62.565
0.183373
7.00534
196.718
0.113328
139.916
0.0762198
75.7537
142.752
0.575229
0.18684
0.0927997
16.9653
2.51972
31.2372
7.33249
0.235526
0.058917
2.32449
0.269401
1.57588
10.8323
91.3277
5.01827
0.059527
0.260441
109.06
0.0675874
1.99043
17.6066
6.84285
0.489924
11.8142
0.842322
122.387
10.5485
5.78608
0.120604
173.263
0.935378
0.697627
0.105667
4.70502
0.465924
1.15299
1.78495
24.8679
0.126901
0.241297
9.98366
179.005
5.3166
0.474473
0.174947
0.136004
0.343099
0.497146
0.155806
1.05771
45.3151
13.7672
1.81612
0.0552297
3.77215
0.651154
123.332
0.0673678
0.489175
7.46593
19.6571
2.80581
1.06536
6.20649
4.72866
0.117673
1.05071
7.14462
4.09171
91.0666
3.97836
0.939835
1.16058
3.44935
154.836
0.0793062
15.4927
16.2992
59.3983
0.535543
20.7995
72.1264
0.0921673
0.403729
43.8701
0.0711647
5.26595
20.1389
0.704491
3.55663
0.356003
0.455955
0.620614
0.188788
0.821939
2.08674
144.806
66.038
138.489
35.6554
37.5946
154.776
29.4523
13.1405
34.8645
2.64741
123.499
9.77969
124.111
22.281
0.164842
12.8964
0.0937391
49.6005
0.1559
0.433554
33.358
2.75014
0.814026
151.529
4.21235
0.506549
7.15057
10.3057
0.0577597
3.19277
2.00193
0.16175
15.1749
4.10409
0.977859
25.4958
0.0688102
136.089
161.676
0.432046
1.40175
103.008
9.2455
0.339676
0.0954554
124.934
0.0987845
78.9003
0.398954
0.0574065
0.0810096
17.847
0.413994
0.722699
0.472446
0.192999
53.2733
1.82965
0.624915
0.944536
10.5743
0.190329
7.7793
0.117992
63.4434
7.90488
69.9627
30.1687
0.212306
0.310272
5.18566
183.307
19.3604
0.143383
19.2109
16.7167
0.224702
0.264001
0.353536
1.24322
0.0623084
0.0804437
4.33509
45.0701
0.882768
0.0993018
0.0756401
0.866732
1.56392
1.64999
4.57393
15.4379
0.0548027
0.254759
0.925995
0.11733
10.1899
0.0569358
7.46226
13.9575
0.516733
21.9047
0.194343
4.99213
1.74194
0.219966
53.9195
0.103456
0.0789078
0.0805717
0.575259
110.587
9.03176
30.8239
137.054
12.7013
5.31545
0.247269
0.537825
1.53751
30.0385
0.183918
14.3716
0.431591
0.051933
0.692
0.109855
96.1278
29.6133
0.771019
51.4097
3.47925
15.8622
3.69056
9.75939
0.110141
0.0680084
0.542959
0.078265
0.173505
0.452277
8.67014
76.3981
1.30757
1.26117
3.29467
48.3298
17.3189
171.383
40.8692
93.0818
0.145806
11.838
21.8606
1.32891
0.056289
12.8981
115.066
0.222413
76.0128
149.633
7.24569
0.497441
1.53931
1.07935
63.0165
0.0623655
0.121314
2.44345
1.08595
24.2728
30.9019
21.5624
0.113106
76.0331
0.0608706
1.40575
5.84559
0.101013
57.9018
0.769694
0.0554794
0.502976
0.130746
93.7699
0.235967
0.050676
0.183994
22.2119
0.0910767
8.89481
0.177721
0.148481
0.893193
6.17622
49.2854
0.0727042
2.24539
4.12753
0.265911
39.4796
1.24958
0.524328
0.240676
1.14783
80.7749
15.4345
1.32493
26.3706
182.547
2.74558
30.2498
0.208522
6.20431
68.0953
30.5037
26.5674
0.0526752
0.0644913
0.0583875
158.826
73.9941
59.733
67.8893
107.957
4.96699
0.063738
0.0871139
10.5759
43.4312
97.8967
13.7949
2.59145
2.32367
0.31986
1.18568
0.997213
7.79601
98.3787
1.837
110.299
5.09419
0.197103
0.097227
7.88921
18.5692
0.698187
0.1983
54.6702
1.7634
0.25237
0.713265
0.168908
17.5935
150.958
6.386
0.68823
58.4284
0.69772
48.7162
0.617799
25.8518
64.7127
28.2262
1.76319
5.86461
5.38666
7.0175
0.313901
5.50008
3.15807
0.944848
3.89964
11.3668
12.9385
2.25698
5.09123
12.138
60.8298
0.193708
0.0969654
1.30436
33.9171
0.251463
33.0091
0.086613
3.78102
89.0669
0.200116
0.117445
4.73358
12.714
1.84331
0.149135
0.445681
0.407917
1.80134
1.4051
1.36596
0.2946
38.335
40.0358
0.180299
35.9885
5.13604
52.1982
22.996
18.1785
0.508333
0.318202
1.1535
0.214998
0.238295
118.307
1.67991
22.3583
37.5107
171.389
0.134312
17.1213
37.4944
0.21571
12.5099
8.84811
19.1202
0.129623
0.980892
0.939863
2.04513
0.146528
0.567402
4.41115
3.9541
4.58864
73.5909
46.8309
0.712608
0.18678
41.6965
133.275
39.4845
19.2554
0.394983
6.16309
1.38222
23.3933
0.421802
25.8582
13.8099
3.41056
3.03167
4.93286
11.383
0.125084
0.663094
36.1387
7.58466
0.284261
0.321968
0.981357
50.0486
0.799084
0.499885
5.20684
0.484832
1.85899
7.1286
2.59126
66.3024
36.9676
0.316789
0.720186
40.9932
5.77767
3.40771
66.893
1.89909
7.48017
0.680574
0.216763
1.85719
0.0526479
0.147331
59.1253
1.79314
34.3971
0.222413
22.9989
3.03764
78.514
15.7388
34.0327
1.10528
1.38492
19.6012
25.7272
29.059
26.7417
0.69967
0.0746288
0.153173
5.02269
1.27825
1.60055
12.4743
70.4448
34.7319
117.24
3.12746
0.272826
58.16
0.0599519
16.2278
63.3138
0.111828
0.0617969
12.6428
2.49355
2.51413
13.7653
3.41884
0.412161
0.108104
11.0051
4.14223
0.449426
18.257
11.6902
0.562902
0.0749377
184.387
0.394743
6.80531
0.0590323
88.121
0.0643656
37.6335
8.76836
6.64351
6.30131
2.13507
0.147629
7.86239
0.703492
0.248256
0.253187
10.6635
17.3913
17.183
10.363
0.185008
12.7776
76.0441
0.295105
0.0739327
2.31991
0.110891
59.5765
33.5099
0.396914
5.81943
0.135603
2.1623
0.0653736
2.84863
187.947
0.108173
163.308
15.6525
1.73236
3.68036
0.0597709
118.647
6.90184
81.7957
0.204838
14.0446
2.23569
9.08899
0.17502
12.6619
1.73564
0.249178
176.284
18.156
5.51815
0.756919
14.396
0.413836
0.147028
0.464647
0.946637
0.169425
0.935724
0.197824
8.53869
0.640187
80.4385
11.5562
0.855868
2.41165
30.7282
0.161024
0.116446
8.57395
0.060197
189.033
20.6885
0.25858
0.209872
5.29501
83.4902
129.976
0.401165
21.4202
7.37303
62.571
4.30425
12.9093
12.049
0.099842
0.86348
1.48527
0.054146
7.02529
2.64935
8.91579
33.1066
0.26822
0.610556
0.083319
0.0545324
133.671
0.993847
143.06
88.6295
0.405528
0.976372
0.160405
7.61189
0.0630667
0.0842427
0.242455
45.6977
0.162107
0.994948
0.814759
1.54185
2.54008
42.8163
34.057
9.86367
0.193598
2.50463
0.188787
0.691673
1.65171
6.33655
0.85882
45.6013
0.346346
10.4366
0.440421
1.47554
124.428
2.82856
175.996
51.3294
55.0414
0.0638713
0.0851244
153.271
20.2973
0.0629474
34.1006
6.72358
7.50727
17.8608
0.262195
0.452297
0.869487
34.0907
81.7733
61.76
53.8613
7.11556
41.8769
1.80086
8.4354
0.179348
0.300365
2.64704
7.0741
5.09417
10.9465
0.32538
0.380105
4.36537
30.1003
2.04925
49.6704
14.3698
0.054448
0.0501277
9.57757
118.217
41.1922
0.642429
77.6976
0.131288
198.979
1.83133
4.21436
28.5512
0.322451
0.141998
19.9067
41.1848
0.0613391
99.6529
0.668525
13.4857
29.2913
2.97019
0.0508811
61.5883
2.27681
1.3617
102.015
0.256405
69.3824
1.49766
108.682
0.674954
2.51316
4.63377
1.69196
2.20043
0.0705563
1.96732
0.452965
130.313
2.07466
188.509
7.55631
170.315
1.82328
0.621895
0.449932
3.01931
0.0738639
11.1655
5.17015
0.462035
102.065
0.471335
2.41444
98.5386
3.71113
11.1327
65.8195
25.4887
0.119835
2.92982
7.56494
0.120943
18.5617
55.1811
6.17499
13.7488
0.343866
0.437909
3.63487
0.311024
0.357585
0.0561407
0.0777746
0.347809
96.2501
0.340295
23.2543
173.721
2.2489
8.31416
173.613
18.8456
57.4868
25.3741
1.01282
5.21648
9.21068
2.51741
0.159828
0.115251
0.161471
1.29524
36.0574
0.629077
1.66754
7.13358
57.2427
0.157998
0.277653
5.63694
0.0599729
43.4377
0.107249
0.727703
0.09012
0.054448
13.7638
0.11955
0.253342
128.629
0.0926657
0.0592913
26.269
6.16771
4.53223
0.680679
31.5338
167.69
0.970668
9.96737
31.9303
1.26152
67.9752
0.0941387
22.095
0.189821
0.216514
136.691
0.60191
5.92749
0.222204
1.15178
88.1559
1.52104
3.77639
8.4418
0.285788
0.0800095
16.8538
0.0942802
3.26233
10.8855
6.87539
27.2278
17.3758
16.703
7.34639
173.234
1.07131
106.736
27.6881
40.5603
7.61692
93.0822
26.1943
0.144189
22.7337
1.32902
0.0575012
24.9136
11.0062
29.6011
3.28597
0.625247
51.3592
127.462
0.240279
1.69265
0.335239
0.721649
0.488956
34.5522
1.14253
100.382
53.3386
0.160027
0.14221
0.641065
116.258
44.0043
0.0683236
0.0749516
117.855
4.77278
0.0912743
2.70642
0.0919718
2.64188
49.5651
134.342
0.105288
0.0702992
0.697092
0.0988199
4.34979
58.8671
5.42836
0.446449
113.579
12.2081
8.69209
0.393374
0.110828
108.826
14.672
7.61902
3.71922
0.23274
0.0780743
1.09642
6.06257
2.83895
0.485303
0.211224
170.031
0.106729
85.5827
0.326372
32.5742
0.0938714
8.86489
1.93588
0.114883
10.3794
38.7204
0.239949
127.329
117.991
1.6001
95.9931
4.37482
5.68278
6.59579
17.3378
1.7697
35.4769
0.0533937
0.774363
0.548169
0.234088
2.28336
0.437527
135.718
73.6922
0.0706449
22.3622
0.183233
10.4409
1.62973
1.96343
6.65896
11.0364
0.150128
2.62975
46.8221
0.0639326
0.0603206
17.7656
3.459
0.0968329
8.43907
45.3926
23.6246
0.0531962
24.6877
186.743
129.823
20.6748
0.349046
3.51297
2.65368
0.0960786
9.81444
2.23079
0.178855
40.4932
0.249314
70.4133
0.0786201
0.0739549
143.329
3.89566
0.681552
177.415
1.84798
1.41223
0.367699
1.953
61.153
0.0576561
0.0590153
71.0835
1.99965
8.78872
189.155
4.04347
61.7837
1.55723
138.469
0.113232
0.227874
12.805
0.389004
25.2521
0.123627
4.65605
5.75698
0.325396
18.2651
12.5666
0.0555532
1.14679
13.8879
0.0832187
0.156698
1.90788
50.5362
2.02273
0.100866
0.628338
5.33905
189.911
6.63652
9.91921
10.5085
198.621
63.8191
30.2614
0.833661
0.229115
0.0810307
0.174201
4.40668
88.4336
4.73313
2.40836
99.2308
0.317846
0.176851
0.228505
7.8192
55.2173
186.886
7.34296
6.9431
38.2464
0.304954
0.0710045
1.1096
87.0541
16.6029
0.0507338
34.9741
3.57358
7.96235
2.01778
1.28738
192.663
0.25873
97.3482
20.3144
144.676
8.35796
36.9161
0.395304
0.68156
8.58744
0.0618228
52.9179
145.26
146.555
166.971
0.0656692
6.00277
19.8144
43.8288
197.717
0.382263
11.311
19.2478
1.06828
0.627858
0.210509
0.723952
0.4044
145.199
2.41629
12.6523
0.671552
79.2683
2.87692
12.3893
0.083808
0.160943
0.474949
0.189645
0.0726248
0.0809086
16.4839
1.12801
2.78967
0.245883
0.623291
0.199411
32.9369
76.6469
0.1455
0.135207
0.924104
0.263274
0.0952351
21.3666
38.3019
48.1188
102.585
20.4406
9.99312
0.367351
23.3875
6.12575
25.8925
8.27607
27.4853
103.991
2.50358
125.085
0.148886
0.0504108
98.8561
0.283343
0.0554105
8.88966
2.50659
0.946321
10.2723
26.1229
1.48619
0.358518
0.398482
102.783
0.630422
11.1751
0.170656
2.22994
0.149891
76.9949
0.0555898
0.194463
0.254936
1.59143
0.322342
12.7206
0.358508
3.76668
0.372674
0.273254
10.1139
0.206113
145.182
56.7234
10.5805
8.64895
0.172314
60.5472
40.5162
0.871999
0.182992
0.775672
7.28372
26.0303
19.2409
1.16924
0.153207
0.764735
60.9581
0.102445
0.864111
0.0873194
52.7135
23.0282
0.190246
85.5506
0.247818
73.5552
75.229
0.383465
76.9827
36.1251
0.147964
20.4143
0.565936
0.0503475
17.8384
124.998
0.165737
2.44333
4.54454
44.5753
0.94629
78.7008
0.150791
0.154372
0.500673
119.954
31.4389
0.228811
4.20424
0.786957
193.963
0.604334
25.9675
14.1532
0.410151
0.0508969
2.15994
9.59263
8.31528
56.1939
0.874856
19.6917
0.0539467
35.5042
2.13752
81.5206
0.335807
0.415387
25.328
2.63578
0.0816044
82.1094
0.381178
56.4695
0.784157
199.181
0.221532
0.131804
0.560631
0.627995
1.51296
0.187339
2.35994
0.278081
0.51163
3.00905
0.151117
0.27863
11.3265
1.714
72.1373
27.7648
0.718423
0.100514
0.165533
0.0522799
1.07151
0.0556509
0.255626
3.70788
3.36805
0.270818
10.4502
0.0842508
97.7405
1.30128
18.284
42.6497
0.201135
1.07339
20.1501
184.978
21.1806
0.488242
10.8544
23.5951
16.6031
36.0467
0.0664922
112.772
44.9751
0.42246
112.637
3.1929
0.0936163
8.8271
6.76566
44.923
8.33443
0.146428
2.58433
0.155505
51.589
105.83
10.4842
0.205062
0.418735
146.783
0.350614
6.71938
0.0746296
32.7397
0.0514314
0.134806
0.0585791
8.87823
0.0659006
4.58071
45.5458
34.443
116.284
9.21322
0.600038
124.616
1.5224
3.31943
18.7228
0.607014
7.7119
60.1277
110.705
42.9977
2.29268
0.151661
16.385
3.93109
140.089
0.321372
0.916645
195.326
0.61333
3.78211
44.5584
0.141289
106.431
2.76786
1.02062
1.58482
33.3562
24.687
5.1669
0.63248
67.3538
1.6417
0.0696233
0.672955
0.396694
0.229635
0.35834
54.4246
2.09409
0.787521
20.7951
0.0631558
0.252154
41.256
0.646726
0.0683269
154.798
0.112207
2.71844
1.71795
3.47996
0.133047
0.138776
0.0894432
1.53492
70.3929
0.763507
0.0963264
76.931
5.7222
0.245216
0.223639
26.9524
0.0663995
1.09429
26.6826
31.5392
5.45699
1.03644
4.19903
3.28852
88.2791
13.0842
6.19786
0.125903
74.7446
84.172
47.5751
4.49379
6.15724
0.511013
31.2407
5.57943
2.04071
0.160009
1.91566
177.916
67.5942
74.3562
175.347
29.4826
0.319641
1.69959
1.86497
38.7817
38.4761
3.2371
0.0659628
0.670628
4.10675
39.7959
7.59521
129.963
0.211159
2.72999
27.4194
5.28465
0.270931
102.809
1.40828
20.8352
8.02121
2.28796
0.0711004
27.1856
95.2791
11.0328
108.139
1.63813
5.33683
5.53365
0.184698
29.5214
3.11918
6.32709
31.1695
40.6061
70.512
23.8273
113.046
4.78172
153.653
0.0589811
163.04
3.67936
0.0911314
18.669
0.262741
0.0809802
1.63919
0.774476
10.9084
25.3469
0.0562852
0.119413
3.01848
0.777736
139.155
0.0745306
43.8122
0.052898
6.55977
5.92927
14.2552
8.41753
21.9422
1.26038
0.775591
80.9951
2.24788
22.3299
0.255468
1.59889
0.145409
3.30784
120.942
0.759974
92.2628
2.73477
128.8
0.486163
1.7416
0.257581
0.647423
8.08556
105.565
167.588
0.110785
0.18437
71.9645
0.49818
107.921
65.5801
6.39637
0.0685059
1.68474
47.3175
1.35682
0.380159
24.998
9.66407
0.953836
27.2503
43.3749
0.1229
2.66108
0.124285
0.241679
0.687197
0.0907925
3.01616
1.25508
170.728
11.1607
10.4789
0.727406
0.275574
137.548
9.28928
0.10378
18.0073
122.023
154.297
0.0862616
0.109418
0.44628
27.3449
0.0609751
0.286535
0.0787582
0.881399
1.53033
0.0655887
14.6333
0.399482
0.0843506
74.0004
2.84461
6.0852
0.179381
0.811991
0.210616
134.711
0.612738
0.363893
27.61
1.46659
0.713559
103.043
16.138
22.31
0.165035
0.206347
0.154386
0.0977987
8.91817
1.78735
0.161999
86.2361
2.77171
0.339763
0.545064
0.0876491
32.824
29.2189
0.277804
28.9149
2.06304
150.73
4.22671
0.14006
16.676
4.19373
0.595421
2.4408
35.9876
0.0669873
0.921826
0.106078
4.13289
31.7756
1.25074
20.2496
5.9757
24.5145
3.95806
7.59473
32.4264
0.732259
1.52076
27.9143
0.315865
1.80467
7.92875
0.0652201
0.224776
12.5833
0.0528083
28.3668
180.905
0.193243
0.548712
0.320778
0.140747
3.50036
0.0649669
6.67684
81.1592
3.13796
0.423938
93.9707
92.4314
0.0909436
33.8605
19.4929
1.50513
12.0069
0.991932
28.382
140.774
28.1468
0.526105
0.14016
0.0512228
0.144806
0.41924
45.1035
1.16681
0.211659
0.0769334
1.28498
15.204
2.01517
3.84417
0.376056
5.13886
8.61681
36.218
0.0711395
0.839052
1.22557
0.929281
120.88
0.0707513
0.0815753
44.2468
15.5507
20.0652
0.0889687
0.398459
47.8091
8.58065
71.0173
0.190177
116.203
0.0800599
0.506505
50.8897
0.655622
0.0583799
5.41569
7.28047
67.2128
1.74267
47.7777
126.986
1.5172
1.22617
106.642
2.42978
3.67427
0.507726
63.484
0.0749766
100.301
2.18243
96.4872
0.940625
1.52606
0.222514
9.19054
23.9532
23.7288
0.152268
0.15392
18.1815
0.601642
0.601562
0.5218
120.995
38.9669
15.2673
0.129478
10.0448
180.371
3.1872
1.36353
0.082549
0.104219
121.54
8.30217
0.104123
0.538405
7.78607
1.866
184.801
0.106558
2.07989
35.2724
0.117846
147.998
0.208923
0.0993051
0.639177
0.343
0.191337
30.4386
61.5377
6.01441
185.9
30.8951
1.57059
21.3231
2.4042
0.217375
0.361038
105.219
1.05518
0.122309
0.132775
0.109628
0.986571
0.665208
0.696798
0.425624
0.392205
0.740983
0.380905
28.2313
0.111188
3.97905
0.0759095
0.13349
2.30095
59.2862
0.390621
63.5492
0.095371
38.9293
0.0585014
0.848294
0.299203
1.40997
86.0217
0.428911
13.1055
117.437
48.1241
1.99803
67.2524
0.109822
6.89156
26.1667
0.209671
0.172234
3.77876
5.80557
0.300539
17.0899
153.358
13.9775
30.7882
0.30615
70.9849
31.1897
0.0728186
0.511217
96.2056
8.32448
0.451184
21.531
0.107795
1.23643
1.97558
60.5962
1.15454
105.298
1.98147
1.39862
4.20041
0.0937724
16.7001
29.4748
7.27145
40.0453
2.08445
0.492268
1.04702
15.4754
0.577778
0.0558481
30.0319
12.4662
8.61409
0.0650816
0.104677
66.1041
11.4206
0.55354
0.144464
0.132704
0.14084
0.284652
28.0334
5.17172
21.9086
0.831141
1.1823
46.9388
190.513
12.6516
1.96132
3.02859
0.343039
8.32935
3.80669
1.21381
92.4482
9.98122
60.5307
0.109999
0.160747
0.176933
24.166
1.50572
3.63682
1.16714
174.902
0.284533
0.515893
1.61576
147.749
0.121911
131.363
77.0956
0.17391
0.232598
2.2878
0.117609
62.9554
3.11794
61.0303
13.3
70.0361
0.420717
0.361502
0.15852
22.7376
1.37839
1.75283
1.15534
2.58853
11.3962
0.217951
8.46839
0.2187
0.439387
15.5468
1.72844
13.6756
9.0867
0.461916
176.189
30.7473
68.4315
0.801783
0.0944532
15.5219
4.54118
92.7262
0.0815531
51.1442
0.0668735
11.8309
0.233869
2.07163
90.7623
0.282879
0.128779
2.22608
1.28903
86.9929
1.27702
4.50244
47.0462
171.56
3.05527
122.807
4.21779
0.0903648
68.3182
154.526
0.09401
66.5068
8.69546
12.8317
100.341
1.44374
3.29352
13.9117
9.59176
7.83091
37.2517
0.0674703
0.285724
11.187
19.3688
21.74
0.0518105
142.048
0.603476
0.139143
0.500493
0.0663663
0.266511
26.2082
75.3924
23.1847
0.356674
1.87579
5.19658
0.0892245
14.6417
0.158092
0.219477
1.53877
0.134702
0.319311
0.322385
81.8839
2.89359
155.983
2.40966
2.16857
34.3907
70.251
192.482
4.3545
2.42672
5.37402
3.46381
63.5777
0.0708252
121.347
11.8309
6.51296
44.6211
0.0865105
62.0048
2.9198
0.335698
0.702202
1.14117
6.5101
18.8408
0.30134
5.06047
12.8269
50.7044
1.87394
1.78299
0.631147
9.92536
23.9759
15.4082
0.354722
1.39473
165.261
3.09739
2.56109
34.0285
2.74081
38.2611
0.667593
2.9985
34.0054
4.95604
0.0956295
5.35838
0.895419
0.290864
0.551712
0.15405
0.281683
0.0564287
52.869
32.4601
0.232364
98.4091
0.576167
66.149
0.0866592
2.0868
0.0557477
2.36455
4.31845
0.450431
54.3293
3.70287
0.164328
12.772
195.693
0.990417
0.675239
0.397453
60.7146
1.75161
19.167
19.3032
55.5467
25.5907
0.179685
0.329715
3.48239
1.59562
5.29598
2.2619
19.8237
0.126496
6.53499
23.1358
1.15308
0.87908
132.154
0.192274
0.0862738
0.243606
67.1901
0.636812
0.204992
4.33262
0.191346
7.94489
17.7097
0.121405
111.732
162.45
0.0537616
58.0564
17.3678
35.6209
11.9283
0.147098
0.158133
66.4847
9.28245
0.168283
19.2819
6.21055
1.49261
0.163743
0.479312
0.256549
2.99445
161.263
34.88
0.185695
0.4996
71.4857
13.7831
59.721
122.099
31.1755
0.339269
20.7366
4.87317
10.0163
48.9208
0.271091
8.65879
0.433341
5.52086
0.0671209
48.25
6.99451
0.404206
7.11529
0.164052
6.05161
110.077
2.98884
3.38267
134.194
6.89878
6.98948
0.204676
186.761
82.1286
159.699
0.161095
32.6741
0.0548582
0.167874
0.0852544
152.415
0.304939
0.119203
110.852
3.74857
1.0371
3.28355
0.194767
50.3233
92.9194
28.3339
32.1277
83.5886
87.0802
0.19332
27.5971
115.128
185.587
0.0596033
0.111707
46.8367
3.27074
41.7357
0.379959
2.34824
0.306859
3.77716
19.7781
0.260382
1.84476
2.02544
26.6726
98.9696
0.397399
0.573973
2.02499
0.288119
12.6737
1.13185
1.25184
53.5844
0.596985
0.204937
81.3455
2.25922
20.0234
1.23492
1.78303
9.05546
0.0926714
0.0641357
0.465058
6.38603
1.72542
12.0817
3.04379
14.9855
1.88263
5.83257
73.2962
3.70435
105.387
0.126658
3.15006
26.8059
0.0527214
11.0597
23.7137
4.29937
194.547
158.878
0.760223
0.599993
5.28357
21.7836
6.23287
7.29872
12.3619
5.02591
3.41142
0.34147
28.5257
96.0793
0.065104
6.40498
11.8597
0.0561948
33.322
0.348661
44.8426
0.86186
8.94774
3.98863
1.68072
1.2258
0.114841
1.80661
12.1691
121.147
1.32184
9.66303
2.00098
96.018
0.0944337
5.19672
61.9968
0.551549
0.0665746
0.20777
1.82996
2.17417
0.245269
81.0796
1.23963
131.871
0.0827331
0.27488
0.063192
0.267701
35.3102
0.919035
0.0690993
0.555413
2.07392
0.935108
1.80351
14.9026
0.902779
27.549
9.57553
124.55
15.4822
0.188762
7.23723
2.61349
17.5999
0.700348
21.4326
4.78147
115.585
3.33939
67.0086
0.0712019
2.30567
199.629
67.0718
0.503895
1.43087
148.438
0.150271
4.4505
0.18421
19.5239
0.0761935
1.90319
21.7562
181.64
0.535183
1.29425
0.137489
0.0501394
0.285248
56.282
105.739
0.113754
0.201652
0.146759
0.354089
0.188104
152.985
0.0742594
41.0346
0.0765148
46.3287
78.6062
0.324866
0.0758343
0.287152
1.28896
169.794
11.047
1.58759
37.2473
16.601
25.6803
5.41763
51.1539
0.0925296
0.173934
127.04
185.787
1.43855
17.0273
0.0598211
0.315826
63.3138
70.0181
0.0609269
0.205296
14.3092
0.156109
22.721
0.128108
1.30498
0.982178
94.3116
84.2369
3.39362
17.9656
0.281622
0.100516
0.775906
2.06281
8.21655
2.69983
11.0749
0.629887
0.136494
0.584873
49.2575
142.62
42.6802
23.87
1.74151
4.03481
10.0053
0.324494
197.431
5.02149
176.379
0.0549562
8.01029
5.00914
1.31755
34.9131
0.37475
0.0853758
15.1733
10.0986
4.46589
0.17766
37.6238
6.87719
74.3779
17.2601
157.504
52.2737
3.6913
0.422968
0.797332
0.436828
31.1991
0.182181
0.399821
21.9951
6.44585
0.0697832
0.207231
3.44662
76.3236
0.64184
73.2898
95.5962
7.52278
1.06459
18.7852
10.617
0.0706849
0.759985
1.20832
4.42975
20.6333
24.6978
0.0835403
0.123464
82.7565
0.314513
7.73185
6.21015
10.7027
9.11563
0.894533
16.5211
2.11079
84.3524
0.0683726
0.568904
7.40714
1.27512
6.16678
75.4245
2.78757
2.65542
23.0244
21.8091
6.0329
1.25174
0.0756667
0.0572325
0.119255
28.0415
0.0768985
91.0366
1.32686
3.73015
14.7547
0.228371
0.537705
0.726768
10.1848
0.122919
8.84008
0.140916
23.8808
0.0745515
13.1597
0.106769
93.1163
39.0043
0.633295
0.17268
12.0768
1.67732
0.210384
8.09563
186.453
0.123961
0.116163
46.0578
0.170505
0.383289
99.9247
1.3877
0.115252
199.659
0.0756669
0.0859214
29.6378
10.4008
0.232829
0.391155
9.21683
0.0846467
0.0643915
155.512
0.226712
0.0776359
4.19309
0.530769
0.110537
0.312012
0.677508
1.0132
7.8049
0.310191
0.188791
2.38794
1.85616
9.15952
0.89203
12.4646
139.847
0.939154
0.0895745
8.3543
0.0965032
7.01681
12.7526
0.160778
0.144972
0.230332
0.186431
54.3659
0.490821
111.962
175.111
7.19717
196.377
0.367086
24.5596
8.69124
25.2572
0.294861
1.55538
50.7837
0.750184
65.0046
0.100124
18.1627
53.095
3.81212
1.04638
17.9596
8.73891
0.208329
0.828257
1.85169
0.139527
0.178709
0.099899
38.655
5.5488
6.63015
0.799719
1.11889
80.1503
0.834838
1.79036
12.6896
28.3229
2.88292
2.67077
45.7922
0.378874
0.326016
0.300754
0.268691
0.111285
4.34828
0.253539
10.0272
0.133924
38.7461
13.6188
21.9259
39.7481
6.37802
0.101355
57.4391
0.197417
0.181998
129.861
0.0739899
21.439
0.139305
14.1555
17.5754
15.4412
3.53459
17.3057
1.44514
7.70112
158.39
163.644
9.75605
0.0903066
0.219236
8.82896
39.2544
40.8271
9.68911
2.38952
30.6577
1.0279
17.076
185.879
0.0841251
1.60103
0.333071
59.5422
2.88508
10.6947
0.0618987
16.5
0.189093
23.286
180.246
22.0133
16.3288
0.74524
0.207057
0.0812784
0.119223
40.5761
38.2116
4.9218
72.0857
0.0756548
15.9332
0.627759
4.8866
74.1462
3.64115
59.6693
0.265217
0.846444
177.29
4.3611
0.737244
7.72987
8.16242
51.2459
0.117959
0.246198
0.0779055
9.30831
4.41598
27.9272
18.9605
5.51281
49.1426
1.09169
1.6804
11.5264
0.231917
129.287
0.16929
19.4412
0.0719504
45.371
29.1316
9.44538
32.1241
98.4445
1.64594
108.123
21.9693
9.35973
38.3272
17.2466
0.136624
64.9225
173.289
12.9875
4.30937
0.924986
7.35723
0.798386
14.2134
0.669347
0.166146
49.364
0.204811
26.4086
1.70749
0.239025
15.6525
9.57635
0.124777
1.75409
0.445238
1.11294
180.517
136.849
0.441133
106.8
15.0319
0.256089
0.0566129
18.279
101.716
6.29698
0.337007
6.34636
27.2856
14.6595
3.79519
0.158957
158.199
28.5415
0.204981
0.0818881
22.7932
0.714183
81.9036
0.236338
0.153614
25.2421
0.0538018
0.201743
0.363943
46.1347
0.444237
0.299854
4.15859
22.1772
77.7685
3.36013
9.86926
31.872
0.633611
0.0561625
25.8058
0.158325
0.0527587
9.68149
0.647061
91.5897
0.240991
3.85074
165.11
81.0099
21.1756
0.226207
11.0976
89.0339
4.30961
1.40873
76.4204
0.0691433
24.1584
5.07757
0.208179
27.6315
0.367942
0.85459
0.572442
5.8845
49.0707
1.1652
0.0827767
0.253013
170.135
1.36027
51.6123
15.4254
1.24927
2.08908
0.862528
13.2671
15.8221
196.378
1.27476
34.4329
5.65495
80.1276
7.06322
0.53013
0.115709
129.409
7.37624
0.640355
57.9109
0.0556876
81.1303
2.43798
0.1505
0.361168
31.5877
0.0694229
0.273946
4.34356
10.2022
1.90246
10.936
41.4412
1.11587
0.372663
0.191814
10.3576
22.9412
0.125069
0.496781
2.09803
196.598
6.11673
52.3057
12.9228
0.118045
40.2451
0.402676
170.398
0.0905836
1.70314
0.596901
2.33396
33.3465
47.0961
7.19786
72.7375
6.32893
4.65205
12.027
0.275575
23.6277
0.0680545
6.25822
13.1953
191.131
0.225367
0.813176
9.06795
7.98357
4.7022
178.341
0.179837
0.0523998
19.7063
16.3927
0.102419
1.28032
15.3411
0.237312
5.68419
0.111352
186.046
0.117186
60.3916
14.0683
0.366193
79.9963
64.7766
54.4158
0.604131
3.19551
0.302134
0.103892
10.782
1.30396
0.124489
1.58562
109.633
14.8034
0.331145
0.909227
0.240168
0.114549
7.96889
0.426556
0.0743182
75.9638
13.5005
0.204634
0.117977
49.4862
1.06357
41.6199
46.73
57.0533
0.733778
1.4275
6.58474
3.75865
0.119979
3.29123
0.0985905
0.0951894
1.52915
82.8978
0.454104
0.280781
0.222879
0.0877572
167.467
0.0503089
30.8959
0.133898
103.242
144.183
3.99638
0.104518
68.9731
0.0502645
0.127143
29.4052
0.138842
0.23036
0.287611
0.899336
0.127641
0.0578011
0.586063
1.45295
181.108
0.279909
0.0533198
10.2757
0.0596195
45.9053
2.03726
0.18175
0.559392
1.46277
3.10228
0.679608
5.01819
0.547845
5.37024
177.2
87.7637
3.91355
0.299448
2.36982
0.583066
142.61
3.71676
115.873
64.2504
0.718124
0.0590343
21.442
113.135
63.271
32.7955
21.3995
16.4627
1.4872
2.32818
81.9583
101.562
20.2986
0.513075
167.889
18.9938
0.0947704
97.9374
2.49886
17.5326
8.24474
11.318
0.120155
0.170195
4.12991
188.123
3.03438
9.91329
0.242415
0.217169
7.03446
65.7346
12.1318
88.0656
2.79576
31.4457
0.228462
33.9715
131.457
0.131859
0.0543124
25.7596
1.77503
10.5951
199.951
29.5014
70.3709
38.0497
11.7329
100.949
0.249279
0.606078
6.85941
0.719197
103.741
36.9478
20.487
187.969
148.35
0.168023
0.0520141
1.7645
1.07835
0.694532
0.359953
43.1019
67.1437
6.77664
3.88348
17.687
0.58938
0.208482
0.299243
15.4062
0.576481
2.42385
0.0913207
0.335171
36.9589
60.5831
9.47333
0.0738419
133.13
3.95962
13.7342
1.30779
0.414802
48.6546
24.7933
0.0515034
0.106222
51.667
5.81567
0.427601
0.28262
0.812039
0.145062
2.64418
0.0555677
0.0956423
24.8032
8.53794
5.30096
8.04695
157.956
83.8429
0.348955
0.398237
5.67635
0.776013
5.92828
0.0523191
82.4284
16.3429
0.218978
2.01404
12.3362
0.181305
2.889
56.4727
0.0628385
3.78789
0.0744612
1.02571
62.7294
1.72729
0.132137
0.0611502
2.08485
0.271318
0.259057
19.7217
18.4797
1.07532
0.283971
0.0848365
8.50021
0.246266
8.96493
1.00425
153.709
0.160522
32.0717
3.22142
0.40901
80.3818
0.343308
75.0174
142.487
32.2877
21.482
3.71186
0.17912
15.6765
1.7884
0.176659
30.4076
5.26064
0.428004
11.7531
4.7441
3.21705
1.80061
0.195333
0.254912
11.2015
0.0840789
7.47639
0.589283
0.0767207
2.81046
0.523689
2.20797
0.107734
0.237121
3.81164
3.49143
3.94924
16.8258
0.106809
0.831957
29.3449
14.3737
0.403792
9.24578
0.290406
0.500272
8.30726
0.54945
2.67603
2.15316
1.68437
0.0728639
0.0824945
0.889334
23.2668
79.3445
187.151
0.740625
0.115467
0.670826
38.0493
10.3181
5.3415
63.4382
0.0940342
15.8119
10.3379
0.466862
10.7732
0.697454
30.1477
16.5985
11.9672
11.4888
114.562
1.11936
9.33313
1.8635
49.2335
74.7736
46.927
0.297058
1.32797
46.1697
137.806
175.011
3.50327
0.0631314
162.117
47.6813
1.97093
190.513
91.3285
139.225
0.0871822
0.497172
0.142642
0.230343
145.529
0.161453
107.496
0.238115
0.0680032
34.8518
0.759708
0.0593526
8.4081
0.0885752
0.577114
74.5766
3.78046
1.02838
20.6696
23.6184
21.1399
2.23624
0.0580373
49.087
1.47462
0.325307
7.81589
137.37
0.0987779
142.868
31.5271
189.013
109.914
0.851786
172.276
0.33185
5.83149
0.0818405
0.490852
42.9265
19.4317
0.321962
0.577414
0.359997
6.73325
69.8554
51.7621
18.2183
1.11186
15.4404
14.2334
0.171755
89.7124
0.263743
0.492985
0.0652252
0.499011
129.131
0.0682852
1.03128
0.911295
22.1693
0.169831
0.156276
113.638
0.144612
10.9727
0.418493
137.585
1.19515
15.7144
0.061692
66.9719
7.24281
1.1281
0.0567208
3.01527
1.94313
0.111605
84.6069
2.34762
4.51166
113.618
31.0404
0.0581467
0.063446
0.436311
2.99682
26.3709
4.571
57.7883
0.0893387
40.5583
22.5321
61.3962
0.46417
0.0561727
0.949282
176.766
4.69567
5.74318
74.0289
0.593902
1.87621
33.3303
25.3731
3.54976
0.272426
0.15358
37.8176
2.25952
28.8982
3.52775
36.2116
2.29268
0.107023
15.2413
35.5985
6.94457
0.560337
6.94566
2.22086
1.03369
7.09332
1.22788
7.63632
2.97635
0.272323
0.482464
0.0938136
55.301
0.177396
0.813683
109.089
66.1882
65.027
167.513
6.57482
1.96889
124.816
70.4168
13.2484
38.5963
0.0502607
0.193364
106.256
0.160301
0.0879535
37.9266
9.3015
21.9511
35.2287
1.14617
22.597
2.55306
0.507473
28.5051
116.371
0.153952
3.66755
24.0797
0.46202
37.4161
10.6501
0.0594319
11.8338
181.742
21.7208
0.478315
57.5471
3.39485
0.0838572
2.16335
0.727555
0.411599
0.05435
0.197269
0.566106
2.74516
1.01512
0.9634
0.22628
20.8436
0.880419
13.3652
0.393343
6.75784
44.1171
4.58515
0.939437
0.288197
31.3109
0.493691
4.50308
0.19243
82.0354
8.23551
4.95191
1.62221
5.41807
1.14888
1.2063
0.0845524
56.3116
0.88549
8.74001
16.3068
0.304955
4.55724
0.739122
0.34776
4.3029
0.234318
21.8649
4.18116
3.70725
0.605627
3.29417
143.658
0.0830747
106.846
0.0557355
48.2339
36.6376
0.151207
0.0964278
0.0737842
109.733
0.743767
57.2545
0.263458
1.63237
1.4853
29.8563
1.96971
0.0985417
6.71095
0.0541901
0.0762361
30.5632
24.7412
0.0548221
0.213731
3.47468
21.9664
1.40122
41.1932
0.375639
0.718741
2.02658
1.53851
5.73312
33.9472
0.498198
0.0660081
5.59598
0.287352
17.3912
0.210151
0.720012
0.392658
170.169
196.216
0.335372
0.840535
3.76041
0.104945
53.8312
28.1528
9.84836
6.43968
0.812112
4.20196
0.401207
114.89
0.059502
5.11821
11.1674
0.141944
0.0717849
0.868488
84.3948
3.50435
1.11935
0.133538
0.327125
16.4032
0.121417
17.8953
79.4299
19.8213
0.160409
12.9858
33.8529
0.237575
172.672
0.0717117
11.3838
43.2726
33.7336
0.0741604
1.18937
4.87999
0.588473
0.190341
3.28671
0.491116
3.77267
0.771374
104.694
20.7383
115.93
0.108631
1.5627
3.50617
0.488458
5.39929
0.325924
7.7725
0.226737
3.38648
18.3075
20.4939
5.82847
1.79345
114.618
0.44885
0.761232
57.1313
67.5729
9.94961
17.5865
6.05476
0.261296
13.0757
0.0671379
5.00123
1.24533
67.0771
0.191684
8.89529
0.638739
0.256908
5.2418
0.436172
4.63883
0.0679285
0.43179
0.0617815
0.0945209
17.1651
3.11334
1.28226
0.214023
104.835
4.3447
0.206377
0.989536
10.0638
0.0993848
59.4552
0.739649
124.71
0.658122
5.95921
151.078
1.54889
0.310207
0.224852
0.066225
106.202
0.973729
1.32031
10.8141
0.25908
140.056
8.65657
2.08083
13.8611
6.02094
0.892312
34.6369
0.0690059
0.158602
0.13039
9.44978
24.0582
0.127379
0.271079
0.289528
1.6551
8.72165
0.392804
135.396
5.94387
4.07279
1.2201
7.71058
169.179
0.0571222
69.2947
0.110365
0.0708845
30.7774
0.120651
6.68738
0.316622
0.276701
123.901
0.134007
0.0821125
0.267226
0.450628
0.0835904
118.232
4.08291
11.1131
0.970329
1.12914
0.28501
0.167552
20.1379
1.50147
0.77914
1.44395
0.139001
1.2613
0.17869
3.75019
1.9273
0.313059
0.0697029
0.357866
0.109993
40.1849
41.3687
0.0910298
0.906949
0.0788666
3.55993
55.3155
1.26375
35.0156
0.210019
24.5139
0.344533
1.11571
0.519622
0.308975
157.891
17.4448
0.225082
0.680943
1.16124
1.07216
0.428547
19.363
26.9294
0.69171
47.1943
12.5624
25.0583
197.892
65.6016
0.0567436
17.9463
4.59888
0.233312
0.271993
81.3471
74.2899
3.0671
29.8102
2.01329
9.03822
4.73952
3.27862
0.150858
83.1538
1.07231
15.7119
0.271758
4.5392
0.79203
0.0545993
4.76109
89.7602
4.33086
47.8259
0.195692
0.159053
106.176
0.454809
172.947
1.44783
3.2662
0.409262
52.8771
0.436157
125.719
0.344595
0.470426
33.8289
5.02497
57.6151
0.934816
77.6458
3.01191
3.3097
0.387767
172.245
1.54625
120.401
0.777273
9.44534
36.5997
0.197917
0.689122
3.69755
3.89724
0.857905
0.196746
19.3153
12.6092
6.17339
0.298215
45.3093
0.364065
2.55217
0.313509
0.0550996
130.366
0.144467
5.22376
4.35564
0.0911145
2.00212
2.01674
0.382513
2.95651
39.1522
0.589786
23.5997
32.6551
1.29876
82.0449
2.9111
49.0482
1.08929
63.4402
12.7812
16.6699
12.4232
2.04715
0.431932
6.86931
13.797
0.0943371
0.102041
0.303826
0.203119
138.692
1.84587
86.7476
0.0860842
1.74777
3.72842
0.0592309
1.34485
0.891918
1.6409
0.191211
0.0662167
5.64161
1.17316
21.5831
0.326947
0.303017
0.0640715
0.104124
1.07374
0.425096
0.115157
0.298544
170.857
1.51081
0.810994
158.695
2.97057
0.356454
5.20368
0.157185
0.116937
119.965
1.13485
0.110467
1.61842
0.928619
104.311
62.6673
2.97213
16.3154
0.631431
0.838847
11.3353
1.2732
0.0651663
9.12504
7.14683
2.00888
169.964
6.49166
115.534
0.188228
0.770367
0.703388
0.425708
2.13161
0.49485
4.60687
0.567242
0.272823
0.409142
42.0273
23.583
105.596
0.15363
0.0866708
0.535819
148.186
0.341342
28.244
68.5288
0.0502081
79.4582
5.31277
2.92867
40.3675
7.80634
42.4133
0.867011
35.7938
40.4247
0.253659
9.76883
0.108432
0.949481
0.824611
0.275842
2.20186
41.6603
0.293924
0.433165
0.28881
23.7885
0.0667552
0.531806
0.582238
41.731
0.925511
9.3027
0.333777
3.93725
1.40002
90.8663
128.802
11.5649
61.7769
0.706711
45.6523
0.0593035
0.0516982
47.4582
0.542693
47.773
30.9255
0.127475
0.2195
8.61501
0.0606213
2.89137
8.36356
3.75534
23.64
0.11975
47.8086
2.5101
6.10658
0.209137
16.4117
0.257021
61.191
4.08694
133.995
0.4756
0.714905
102.957
0.089574
2.89669
1.42142
4.78525
0.227482
18.7403
0.274655
0.516409
0.422418
0.374243
0.0974788
1.57053
22.5982
13.2769
1.20751
0.584808
12.4645
5.29411
3.08208
0.481388
0.844092
0.270145
83.5045
0.147504
58.7529
4.07305
0.307982
72.1318
38.1313
154.083
0.722496
1.3664
0.557952
0.0573433
0.056149
140.004
1.5081
0.315958
0.0926738
5.92743
141.459
0.0526126
1.7218
0.522201
14.4367
27.7539
14.152
28.6399
11.0637
0.589382
13.7873
0.646927
0.901581
2.15156
1.98106
8.89671
45.2244
34.0759
0.234102
1.34195
0.109161
15.3987
194.893
105.102
0.108074
35.7368
95.5333
13.2182
136.011
0.587772
0.0749492
23.5325
0.455246
95.5432
0.840226
2.23154
74.5538
9.7612
0.0552732
110.088
0.393041
0.197199
94.1925
0.111611
0.886432
0.327773
117.153
5.09382
6.49524
189.368
0.773344
6.30974
4.6729
1.87959
0.729268
2.69674
0.565916
0.220792
0.394788
0.0805963
77.4995
10.9466
4.83741
5.65621
7.78929
4.13387
0.196768
2.01255
1.47315
12.4258
62.6597
0.0773596
1.85718
2.17496
3.71058
0.627782
0.0969971
0.320152
1.32665
11.7096
26.065
2.29804
3.88136
25.5513
123.934
39.0794
5.12614
0.494447
7.6739
195.654
0.0604488
4.6175
1.69223
6.84234
143.598
0.862213
1.13699
0.117354
5.2805
0.0851389
63.6758
0.47497
0.23489
86.6057
0.0521534
0.34734
0.232964
70.5812
0.268048
0.753444
1.0611
1.05299
4.08228
1.24085
3.47354
0.148006
0.0778702
11.3791
2.16146
0.121393
0.544581
0.272213
6.5118
0.22227
0.141767
1.56759
42.4003
0.114718
58.0789
0.375362
0.208012
0.402928
10.0421
2.13965
0.586082
41.2429
101.489
45.3059
17.9756
12.0442
1.228
0.0503578
0.127679
16.6617
4.01541
53.7529
0.88639
0.101367
0.23711
0.417098
0.0586895
45.067
10.5264
0.0507343
0.750871
86.1944
7.81446
0.0594467
45.1867
18.6537
35.4625
39.0262
0.156385
1.69049
0.17294
45.851
1.31763
182.726
12.4226
150.349
1.93569
0.0813155
0.878172
57.7388
0.100159
0.107457
0.312051
119.649
0.157998
0.171888
1.01997
3.61408
0.128643
0.913423
0.109414
0.238015
0.0775108
21.8981
0.0787427
10.3444
0.95961
9.0266
0.757786
19.6849
0.554842
3.37327
2.26155
15.6715
0.211069
0.159999
0.736724
0.542855
2.93548
7.14288
0.0585558
3.06351
7.16928
7.82823
0.126949
3.99499
11.926
11.8437
42.6408
16.4929
0.519147
2.2659
92.1738
16.5399
10.4566
53.8379
0.915078
25.5112
1.61315
0.271266
0.910827
0.115911
14.4477
131.665
3.88635
0.117521
96.5856
6.50343
6.47879
0.283771
1.60692
3.2095
0.127945
23.8153
4.19451
0.747391
1.36887
55.0926
10.478
17.8778
107.553
25.1051
0.844592
62.3177
6.31823
0.0622459
0.167487
32.2441
12.581
0.100861
19.7495
0.0996602
0.12831
5.59149
128.327
3.34035
1.7115
8.22306
15.8642
5.21176
0.280215
0.766799
0.732659
109.266
61.7084
0.116381
9.76716
0.0894514
0.0879184
0.72587
0.939439
2.43329
33.8529
1.87982
41.8521
0.0542222
7.45883
0.532916
2.48641
6.28783
65.717
0.0732902
188.735
0.077346
0.336353
6.20264
33.0559
8.17394
24.7421
31.8471
0.10955
3.37502
14.7133
1.32769
1.30207
0.249637
0.0855975
121.031
23.6461
9.27169
43.5595
0.269651
0.451673
36.552
0.392834
28.7285
145.452
119.134
32.8909
0.294508
190.283
38.2328
42.204
171.422
0.598531
0.247104
62.2238
85.7019
0.378373
1.57915
52.233
169.988
32.5613
48.7413
0.158643
24.1127
22.4637
0.590709
53.7202
0.852913
0.0883233
0.0697448
10.8577
0.0664194
48.6432
12.5474
1.60889
53.4326
15.7876
9.27057
113.029
68.9277
35.1627
35.1256
0.499423
0.122191
13.271
0.123443
7.77067
1.73027
0.32131
0.477804
0.58034
3.82936
0.51957
90.2569
21.82
163.327
1.69147
9.1713
0.624396
1.20193
1.8466
0.288838
0.434764
0.240802
0.436862
0.142618
2.30082
58.4552
0.119395
0.666095
24.5297
4.43749
1.33113
2.29333
0.151321
6.04651
0.115041
0.124078
0.0836426
0.642124
0.0799605
0.0819454
0.259184
5.73863
139.365
0.473879
23.2719
4.26035
2.29295
2.47443
0.485719
0.177002
5.6609
19.5806
3.63828
0.889504
0.311154
0.268363
109.116
5.04727
0.0660537
5.75277
0.0934005
162.701
88.9612
0.0710253
5.52211
3.48527
0.534071
0.397382
0.100553
20.2111
13.4686
49.1658
0.261734
36.8126
0.198128
7.8314
0.905794
1.57329
0.219521
5.35839
109.433
22.2615
0.0902445
0.361018
0.19548
4.19193
5.39339
0.767317
162.861
0.0564961
1.14448
39.8037
27.5506
2.39124
95.3054
167.659
160.003
102.875
0.253562
2.86342
19.1669
168.186
19.3543
161.026
3.52953
0.273966
0.211798
23.4815
17.0637
64.4696
0.468484
3.47306
5.93468
70.6294
0.0681184
0.158659
24.4502
1.8539
0.185411
0.969572
33.2852
9.03734
42.627
8.94282
0.789474
69.0117
89.1963
21.6142
10.8333
0.117346
182.713
18.0024
4.91478
68.4507
174.714
0.0850885
15.9341
189.146
24.1446
0.0988947
11.9095
136.907
0.315719
85.264
0.864709
1.04293
0.699673
1.12618
5.02142
0.26251
0.62239
121.302
31.4226
1.46433
0.340963
0.698583
0.425417
69.6005
81.7313
18.6843
9.88837
5.58885
2.4074
45.4933
88.6348
74.88
26.4842
19.3211
0.096727
0.155256
90.82
53.8049
0.138939
57.3727
102.626
71.5736
119.22
16.7346
34.867
0.0739131
1.51521
5.09889
190.295
0.315456
2.28074
0.301964
143.59
0.0649672
16.7901
13.7497
4.62009
176.945
6.80275
80.7438
1.47042
0.198819
0.93223
0.892446
2.40376
0.135421
0.370934
2.92365
12.5318
1.81675
39.1291
11.892
82.6992
0.119633
0.192046
0.355988
8.32831
42.4748
1.22596
0.344638
0.101578
49.6598
91.2199
0.185093
42.0172
0.895249
1.52914
0.0815673
0.106657
11.4982
79.4735
13.5217
0.222791
0.525838
0.132069
0.102044
5.66905
3.45612
18.6877
0.249099
1.25825
0.240184
3.67815
34.4365
0.59521
4.39718
0.127216
8.45189
17.3825
1.30626
36.1976
9.03673
36.1833
3.18945
1.85422
0.258098
10.742
0.161513
53.0679
3.84155
15.7062
3.85456
1.96301
3.39691
0.228509
0.98799
31.6039
38.5186
0.0690428
0.0556307
42.3103
0.156566
24.4864
120.395
0.238582
0.984334
0.104773
8.17745
6.81354
61.136
12.2713
2.53111
39.4584
0.0641397
0.929284
0.351975
16.4484
29.0439
0.316416
0.654303
0.515118
1.20798
2.17862
0.57833
0.300382
0.355391
0.244274
11.7233
0.688183
66.5446
1.40901
0.0521655
159.359
85.8732
10.5136
3.0426
0.393619
0.319257
2.83563
0.59025
21.0343
10.1517
0.644611
2.7886
22.8372
0.593789
74.7618
0.142133
46.0712
0.585443
5.47637
13.7999
0.731348
6.33367
0.437092
17.4066
0.529294
62.3579
1.51394
16.4923
5.47205
0.116749
0.117472
5.02457
4.4636
2.78612
14.8147
1.84726
7.62839
94.5617
0.15495
0.452783
81.868
0.788359
4.86854
0.587375
43.8974
33.3122
17.8301
5.89383
1.26608
153.85
5.8467
0.0657584
11.8626
0.0598525
86.1602
0.438963
9.42723
191.33
1.24513
1.16857
120.977
7.58635
0.534357
0.662152
0.685453
0.101483
1.85787
49.1532
11.4382
0.223462
147.744
11.7867
10.3887
0.252892
0.058788
0.944529
0.724951
58.697
3.56274
17.1506
0.622987
0.129398
0.0960716
0.910759
0.752156
0.329102
1.07324
10.2235
0.703372
3.00484
0.0879602
13.8042
0.474952
42.2432
0.261714
0.482265
0.507321
0.230983
0.206999
0.663318
0.889391
2.77147
2.89704
9.68866
22.3594
167.041
0.142491
1.2963
0.556908
34.707
39.5264
1.60705
16.1192
0.202831
5.47186
22.4752
18.9939
0.961182
0.0640685
66.26
23.9106
1.40892
0.380634
0.138013
0.176379
0.304118
13.1519
0.103046
1.42668
0.101859
2.42677
0.104273
0.189917
18.0031
110.379
30.4307
156.633
51.9311
5.14212
5.81506
6.87988
17.4824
154.88
5.30346
54.5358
14.8784
11.2645
64.5542
34.2052
0.0596056
0.0754035
18.0086
8.76374
0.414937
1.022
2.70458
73.9394
43.6828
0.25283
0.076762
10.8791
32.923
165.319
14.8274
89.3314
1.47448
0.0633446
7.69084
51.9997
12.5166
44.4175
6.843
67.7988
0.606672
22.0681
25.8412
3.19657
45.0664
2.56677
4.54932
1.07634
3.46807
3.09802
2.50251
0.0968501
0.0655803
27.5505
0.924903
127.357
1.37238
53.6987
101.847
152.267
147.545
0.247103
0.932262
6.36717
17.9703
0.0555704
0.31737
10.3706
0.182777
21.6449
4.5688
11.5557
69.6458
3.97871
9.54378
167.842
1.3001
27.5964
183.174
1.89934
1.54258
0.330968
0.990267
1.07698
79.3564
1.22899
0.658773
26.3094
3.29027
0.617498
72.4473
5.8958
0.866514
18.1038
0.204162
68.8305
41.7857
38.9291
95.8962
102.061
4.82462
3.75558
4.03932
6.29034
6.25056
10.7741
74.944
6.90183
0.386685
0.0599398
0.0928087
2.17995
52.6823
4.06687
0.166065
0.097797
83.5155
0.978807
0.234076
0.0906785
59.7366
90.3108
0.873831
0.216552
1.89844
198.856
0.133339
0.120801
0.0525899
0.25836
0.228905
0.738417
0.162003
1.78123
4.83392
0.769511
90.0826
3.59967
11.372
68.9393
0.506182
8.94368
1.74593
0.336522
0.739632
181.8
164.455
16.5691
0.106129
118.51
24.8459
7.58142
42.2483
6.53084
12.1809
7.22594
114.302
0.0749494
27.656
4.42074
39.1049
2.06532
40.8179
0.444748
0.534702
9.05016
3.09815
0.0828168
5.12209
0.0626396
0.455574
0.248302
3.06497
8.89887
0.449938
1.07099
28.1572
0.0693295
23.7763
1.04394
0.229975
1.44706
20.497
5.03345
44.1949
6.39962
146.107
21.4489
41.0698
0.418042
2.44475
0.108195
11.562
20.9251
0.488627
0.970047
40.0465
0.23848
28.4643
17.4582
27.306
99.355
1.14251
3.29608
5.65667
0.248217
15.5226
1.84289
6.97615
198.878
167.281
118.813
0.574805
0.0606679
0.270723
0.120154
59.403
10.108
0.441639
80.3531
9.7751
116.58
174.912
0.661376
12.9301
3.35886
0.0918794
187.286
145.849
3.37099
69.8003
0.0619362
12.2694
23.4353
0.989588
5.65825
175.104
15.3537
83.4017
15.0227
0.232259
14.9492
0.0667026
0.100568
0.253509
0.0744223
0.582512
21.6817
0.230036
7.32933
7.83218
0.0673913
13.9672
1.7624
0.165137
12.5796
0.207834
1.02954
3.02469
8.80161
102.283
23.9168
0.090098
19.3422
22.9134
3.72467
0.300231
18.0164
2.86707
0.932741
0.145994
14.6877
5.04653
179.448
0.5778
0.50579
44.8836
33.032
0.118525
16.5701
186.323
42.8569
0.331856
116.921
28.9617
2.04474
0.241091
26.9193
44.8657
0.170387
2.90185
1.45863
0.0553562
12.9761
62.4886
73.8721
49.3257
67.8656
0.0819635
0.79357
1.08913
11.1968
72.4902
0.0871689
49.5199
2.21626
34.9636
1.02116
156.451
22.9873
0.355675
1.1184
0.200393
0.737058
0.997574
1.56241
0.137358
12.4034
4.23894
28.433
0.157978
2.45565
14.1913
7.0257
0.326305
0.0893584
7.92516
0.0672674
4.87604
0.402258
10.8221
154.693
1.57701
105.537
15.8998
0.107003
2.83695
3.17786
102.461
7.94588
9.81173
1.32
4.11787
0.475188
23.5506
0.321972
0.0855918
0.129161
11.8207
0.429425
34.3941
10.609
17.2005
0.0624782
0.622261
0.264395
1.65195
0.638088
0.667307
0.478508
3.69606
0.56552
99.3774
0.255332
180.083
19.8226
143.459
1.26748
57.8367
0.108817
0.130595
0.771355
11.1609
0.495905
0.17199
0.176295
6.51287
26.2531
93.1273
1.29148
8.55377
59.5066
0.052183
0.152732
2.58389
1.3177
14.4602
1.3167
3.58337
8.1434
34.0937
89.863
1.20302
52.2252
40.4814
1.86068
3.15268
0.056097
1.14852
0.567766
172.719
13.2876
196.731
167.89
133.981
120.23
114.529
11.5447
13.2012
6.50193
0.490464
66.3258
0.812348
10.6595
0.0852717
77.5345
0.86046
7.14989
11.4261
0.0967548
186.495
0.731021
36.7481
37.0517
40.3293
22.677
5.31841
0.161864
1.12203
55.7856
42.1398
0.245163
9.50056
4.53211
0.887246
0.319541
11.3741
190.074
1.72858
0.17595
40.6137
155.316
0.0873862
4.62822
14.2601
133.168
60.5055
21.9562
1.00679
38.0008
1.83863
0.244287
30.1947
0.0821731
0.180736
3.02884
0.146305
0.0507801
47.2157
121.397
2.31191
0.0737422
138.344
22.7197
34.8645
145.05
1.1175
32.3321
13.9979
0.415235
0.534181
1.67872
1.36677
1.02934
106.535
18.9923
70.2017
1.87251
155.171
3.14615
1.55611
10.0392
0.953426
0.304827
0.0551781
0.072353
1.06702
2.89989
0.0942935
0.0814809
0.0529775
1.38086
9.54967
32.6823
14.371
0.0660167
104.487
5.94546
3.66653
116.769
27.0989
9.14513
0.0699731
21.4336
29.3314
43.8722
0.229558
0.173084
109.324
27.1918
23.4089
0.113865
0.241131
9.95953
5.72593
0.133966
4.66478
16.191
0.684598
179.369
0.0943509
2.26838
0.220749
1.57723
0.207604
27.7971
42.8465
4.45178
0.0604844
0.15345
1.09307
0.143074
0.522149
11.9126
6.9377
73.1481
32.6026
0.27419
10.0316
20.1261
131.963
5.03151
85.3021
0.574646
6.5611
64.9182
22.9705
0.158676
1.81582
0.137014
103.271
1.77837
122.417
2.18212
2.75991
0.613418
55.604
0.299985
0.586183
104.632
167.278
1.14694
13.2327
2.99811
12.8262
18.308
1.13156
1.83856
0.975721
2.5073
75.0412
0.0612371
31.5018
4.97263
29.037
2.22479
0.743948
3.35531
3.4733
114.06
0.0548667
8.24167
18.267
11.3637
15.5078
63.1853
0.415384
0.245602
0.334185
0.167844
18.0122
46.2265
0.188921
0.0608675
5.94342
0.578174
58.7907
0.242039
5.74239
127.698
2.63327
0.264845
10.7884
0.063568
15.1484
0.731222
150.649
1.86401
2.2476
0.524824
0.322854
0.0717477
0.714767
108.121
20.1593
0.0631508
2.422
4.40301
3.19598
35.8898
0.433177
9.35406
3.19921
97.2046
10.9698
12.1899
2.30637
9.19178
0.395207
19.195
0.599238
0.168464
78.7885
0.559627
6.33427
5.29892
3.28706
134.31
2.36895
7.62401
54.1453
3.71254
51.5677
0.150309
0.735949
0.54167
118.437
9.26868
2.4771
1.3517
22.7158
12.995
0.154309
1.3321
29.6949
9.51435
0.383096
0.061122
0.278663
119.092
0.104028
11.2974
0.479334
130.722
0.171609
2.52717
130.445
3.49162
0.292401
0.125525
0.412957
17.3184
4.41148
8.78251
87.9538
60.5865
0.549204
0.122901
41.3148
0.459285
122.001
0.245913
5.65335
1.31102
3.15163
1.42966
2.8578
2.89665
21.089
166.681
1.07858
11.7548
0.337736
1.13347
0.810842
0.17486
2.1346
2.37005
16.3244
47.2748
39.779
0.657705
0.112216
11.5887
179.998
0.282103
9.88114
29.7861
0.545106
1.02761
53.1629
122.979
0.127594
1.51688
0.109459
7.21072
0.159862
29.6557
22.0243
0.326994
0.460814
4.56855
14.6818
1.8851
8.11757
11.2558
55.6579
30.9269
27.2154
103.397
159.111
0.672836
0.0690316
0.614774
5.26423
0.340289
14.2041
23.5121
15.0244
37.6191
1.34648
0.322376
19.1745
0.786275
0.164789
0.158109
49.6579
0.909812
38.7758
3.59745
4.71176
0.176952
0.0579377
6.63292
4.83465
0.143839
0.0587778
3.44123
45.1174
6.6122
72.5314
22.1769
189.981
14.9981
5.85689
112.9
3.70716
2.75185
0.127127
57.6214
0.0819811
0.0653144
72.0448
0.825076
3.16203
0.124577
0.554444
3.00543
6.67188
0.227847
9.2029
64.8378
8.32422
35.2993
1.02346
5.5637
1.45814
1.29972
3.69615
0.445897
5.56543
0.0658573
0.164928
0.219917
26.3412
0.40572
29.3291
0.183358
8.62427
4.64995
0.988146
0.290456
0.309109
2.21859
4.98339
0.102424
0.337568
22.9936
0.570971
0.988308
0.500482
6.90551
3.93383
0.709821
81.4194
1.54065
11.9305
16.2182
5.39713
14.9638
0.308814
3.20461
0.897854
83.2248
3.71834
2.24226
0.159393
24.6757
0.356064
0.154027
0.160441
11.4074
6.8194
6.10584
0.904012
0.453237
1.61848
0.330991
36.6685
0.49508
8.00213
15.0383
7.87653
178.539
7.85792
0.257719
159.733
26.7095
67.5799
5.70229
0.0725602
6.5181
21.0416
0.323526
21.1893
0.147137
0.0665939
0.230562
8.27974
2.09138
112.638
3.10353
8.80662
10.1663
2.70562
47.9557
0.379346
0.268188
64.1363
95.5717
0.0966272
4.84471
0.946543
109.962
2.69517
125.585
0.933053
16.2471
0.314324
0.324829
15.2741
0.266835
3.42333
0.0569451
0.10359
62.3167
85.9769
1.49802
0.0850857
0.448274
0.849363
8.50239
0.525286
0.0528185
40.4859
0.0661044
46.4467
40.7492
21.094
35.0272
188.369
0.084719
0.458024
97.4713
19.7176
1.38908
21.6856
0.356198
30.8762
3.63534
0.141341
2.89851
4.25664
38.7939
55.8709
0.0879961
194.933
0.0802237
0.224547
1.8852
0.978548
3.80514
142.392
0.334128
78.2414
0.0584491
6.99166
0.757211
12.1779
1.28393
0.301456
119.428
0.482222
0.288019
0.888467
0.0749476
24.2092
66.9912
0.376896
3.27788
0.0815964
0.49015
33.2941
0.442357
0.495977
95.2019
68.0976
39.3847
0.0908514
0.47458
0.123498
142.742
0.167394
1.88746
3.96943
0.524283
37.0707
0.0887648
49.7422
2.11588
0.164532
5.78368
6.43708
6.31933
148.337
41.8453
23.0755
0.297703
5.16759
16.8127
3.768
6.27193
0.0597187
26.1163
15.696
2.95451
25.8661
0.582821
83.0529
0.192234
3.99184
8.10718
13.6962
0.0579763
0.20471
1.00093
0.150298
23.5204
0.667585
0.0630305
0.45384
11.5535
2.9074
2.95801
132.705
0.0721246
9.0379
42.733
2.85336
0.0951459
81.2123
0.380069
168.59
0.0687335
0.299968
15.7293
1.66089
0.076238
0.345733
18
1.92336
16.183
38.3252
0.159014
2.72068
1.05337
32.1397
18.2754
16.1542
60.0962
3.89663
83.6219
20.3858
0.734535
0.31552
105.551
1.72316
12.1177
0.221079
3.98069
0.0566944
23.5449
0.558514
4.66003
56.8981
1.09537
35.9378
2.27719
113.049
0.25363
9.84493
117.892
25.999
1.0814
29.1326
2.20198
104.788
0.644432
18.448
10.7641
0.139002
0.349228
27.4941
27.5193
9.20245
148.619
2.3564
51.9605
0.10488
0.114172
177.343
149.076
2.687
7.52278
97.8984
21.0461
20.5608
0.1763
13.3524
0.291203
32.9024
14.4444
1.02915
75.8762
2.42918
1.10667
0.261709
6.9918
7.36455
12.3538
0.202757
0.0980945
155.615
2.13349
19.9366
161.547
2.97645
0.310532
139.748
0.196936
1.30195
0.0670696
18.7924
11.4281
0.097245
0.0812904
0.252647
1.02076
38.4815
0.0818998
2.46233
0.641341
0.0746871
0.0798294
0.618491
2.8091
0.060618
6.92879
0.282615
91.8456
5.41358
122.646
104.435
1.28047
45.6024
121.756
0.1051
6.32333
0.0601331
6.0741
0.127465
0.98501
3.66543
43.8376
25.6834
196.628
1.37451
0.202372
59.8187
4.71633
0.0856109
129.478
2.19235
0.143935
1.85225
0.53628
0.28808
103.953
10.779
0.550777
4.71259
0.055632
0.698396
106.294
35.7721
10.5796
25.7283
0.329439
17.7453
2.08968
0.886835
0.865781
0.129673
155.355
61.4142
3.13563
1.26254
2.31065
1.23952
0.173858
101.942
139.629
1.0247
0.123939
27.074
70.8504
21.64
0.125029
1.82524
0.315627
0.787319
11.9103
4.122
0.761545
0.720486
0.590691
0.0870371
0.373807
0.852714
12.9205
0.0840638
3.11389
32.8566
26.8164
0.4319
89.1194
21.2445
0.731042
0.643356
13.2081
0.0879218
141.292
1.47949
86.8882
3.89961
57.8
1.59364
0.261018
0.273005
0.229938
148.088
0.0546731
13.6391
39.8088
6.30271
81.4202
1.63274
3.01323
5.59709
0.853302
1.39045
33.8297
36.1874
109.909
0.062167
1.21924
2.47828
0.0858952
0.777091
37.1103
7.79925
10.8776
0.831918
2.12425
2.1577
0.0891852
12.4012
0.453462
79.1009
19.4805
1.93822
11.3109
8.52498
40.2344
10.7955
1.59679
135.341
15.2229
0.0695557
32.028
28.4028
97.5146
67.0616
1.11467
0.146937
1.71071
6.59178
0.255123
52.8124
2.20698
64.7798
97.7806
0.352264
0.0624134
2.99545
57.4947
2.83505
96.0976
0.830603
0.304174
0.0847992
149.238
4.98127
0.295926
90.7582
182.83
0.943539
0.0506087
0.0771839
0.851634
0.0610678
45.2605
0.345235
10.7541
0.822741
1.10792
29.9922
0.162794
2.05323
0.283386
149.458
87.4217
8.17886
9.07553
0.754496
25.9338
72.7997
0.289983
0.331766
0.381933
12.1854
0.236029
0.200659
33.4665
16.9335
0.0580689
5.82842
0.0639247
0.260591
23.6312
121.898
6.53152
0.315128
10.6156
60.2264
0.757518
1.59141
99.7396
0.889342
0.0768155
43.7836
106.675
0.344799
24.6915
15.6653
101.98
129.544
18.7598
7.70876
154.059
1.36065
0.813104
1.38422
21.6691
6.90964
2.02859
2.49332
9.35531
4.23989
9.68516
0.074457
50.566
3.38781
20.0897
1.0375
0.110673
28.7451
1.48694
0.155805
0.0804311
1.57925
0.116332
1.20965
92.6018
0.277797
0.0559582
0.231232
0.0534036
24.0033
2.18149
47.2284
0.404511
73.7762
5.36796
82.6327
0.252822
0.0964912
0.127382
1.57533
0.14659
0.129087
11.9533
0.374697
0.163511
86.4683
3.74082
9.62985
0.757081
1.75933
0.628908
2.94418
0.559759
0.10105
3.92139
8.48882
62.3961
0.341327
0.325231
8.03238
0.196774
0.0754441
8.91107
29.1114
179.722
0.383002
0.27421
1.81056
0.394863
0.13156
117.742
179.486
0.281489
0.0884138
8.88641
0.346101
0.944895
1.2822
0.25759
62.4376
58.3635
91.9243
0.686766
0.240628
35.4946
0.203585
171.11
0.521014
2.18569
0.439523
0.417198
0.94937
32.1001
28.0658
3.31503
0.0604577
27.8269
0.255067
1.9579
0.087825
0.232905
1.53677
92.4694
188.11
0.225282
0.744595
4.66333
13.1784
1.78138
0.309945
49.9468
131.128
48.1401
0.168055
0.0886567
0.371618
16.0441
0.532031
103.652
0.221144
0.785442
1.97506
5.11861
9.93076
0.985271
0.098829
0.0510839
1.27756
0.0659162
0.0531162
0.738963
37.5048
0.292402
2.34097
45.0478
0.0917379
2.66369
26.0125
102.291
0.0749376
1.30895
0.732821
0.133794
0.0921714
1.03164
0.220082
0.296599
131.35
6.8665
21.0116
0.685603
72.2015
50.1078
184.286
1.93741
0.169919
52.8166
1.82031
25.5907
21.7881
20.4088
2.45285
0.10274
8.68133
0.0506356
15.0409
81.5711
0.396539
0.885188
0.233215
0.0688054
1.42311
4.05316
2.70525
0.67835
4.71096
0.613591
0.253788
17.8386
0.753668
0.626386
0.114791
1.0706
0.128296
47.3265
19.8739
16.8011
0.627255
17.8166
2.33232
0.84107
16.1642
1.06085
0.154613
2.88246
0.0539664
1.18358
0.0904652
0.0702725
5.74497
0.198475
0.228787
1.25442
0.403277
0.162721
26.1941
0.357974
1.82734
8.67655
56.5521
0.900956
17.6083
9.00398
80.9212
42.608
0.0993129
2.5858
81.325
9.95177
3.04521
156.714
0.107286
1.16885
2.2135
19.2944
26.5851
5.95234
4.81008
0.0819786
0.691838
1.66258
101.867
65.975
4.46427
1.08342
30.0406
0.0849495
116.706
0.174807
17.5117
5.06785
138.591
59.613
61.1212
2.51075
0.329652
2.90124
7.32562
0.65231
26.5758
0.126791
1.54089
83.1915
0.163148
26.3076
0.107622
0.988089
0.779611
1.7027
6.47668
0.05993
0.18739
4.73809
0.53633
0.245938
0.276741
6.61817
6.3389
134.082
15.1617
4.60049
0.273158
9.50388
36.6454
0.349487
0.0822369
1.35445
1.02869
9.54333
66.979
0.0516867
49.5423
8.19733
32.6469
111.629
19.0508
1.16083
0.0638071
0.843686
0.0673907
0.67159
0.374671
32.3415
0.0578643
9.96251
7.9543
0.300104
0.33142
0.133686
15.018
35.3237
48.6325
47.4242
0.432984
6.42959
62.8511
0.192161
10.0283
58.4643
12.0973
57.9004
1.01664
0.0736947
5.87919
9.7773
7.10612
52.1043
0.162531
0.118205
2.0315
0.0929105
0.424854
0.124621
0.297692
1.42463
172.574
57.2246
0.12656
21.5283
1.87407
1.36841
1.18074
0.343693
0.686994
191.536
39.3028
143.805
0.266454
43.4349
12.3699
9.61277
24.0025
15.1888
57.2106
1.78617
1.92857
12.0806
31.4617
0.189995
11.5531
85.4824
62.154
15.9348
2.4486
21.1977
0.413547
0.352913
6.17976
0.209678
8.3084
22.274
121.193
5.73818
0.0522728
4.94895
68.5979
0.175973
5.20898
29.4118
35.2886
16.496
0.414216
0.84228
48.811
40.1033
16.5631
0.336677
10.0311
85.077
0.0866882
98.1272
1.32547
1.34037
15.4849
5.21703
35.209
0.295484
1.64402
3.4195
0.198627
2.46079
0.587926
0.775073
39.1967
119.984
2.92926
0.0620009
1.04615
0.0566267
0.102675
0.827131
1.06859
8.18516
43.4742
160.775
163.946
2.26826
68.5079
0.190886
0.0811854
0.180809
158.989
2.50324
91.3547
1.86209
22.6164
37.0015
0.404929
3.39195
100.733
3.98234
4.54508
52.987
184.998
2.29509
5.72
12.1985
23.1895
82.3949
4.97815
0.0581235
1.60999
15.6414
194.508
0.0626251
0.183462
19.5848
56.8647
5.35909
145.409
0.356116
0.8649
62.6818
13.5272
4.98488
0.236317
4.01613
0.718212
1.25399
35.3285
0.554269
63.6948
149.201
1.73444
196.367
1.31394
0.45884
8.86531
0.0626293
89.0761
0.0687427
7.92268
27.469
103.149
15.5011
7.30801
83.4266
30.4075
1.23792
0.719758
89.7319
0.201376
12.1142
22.2863
0.19831
61.7454
60.5237
0.581687
2.0736
136.583
11.4707
30.6439
18.6786
19.0919
124.272
0.626758
14.5082
0.779215
1.84355
0.899187
7.41272
0.748223
9.5521
114.69
0.0613923
6.92726
0.673034
17.811
2.73465
0.521175
7.51606
70.3013
26.5138
8.42289
19.2392
0.0647009
105.917
115.319
12.5773
0.699069
10.9333
11.6011
0.1316
0.488896
0.150132
8.65978
0.0894785
3.74221
26.1242
0.473328
0.0970034
0.227253
3.89546
9.34307
0.596356
141.899
8.13819
7.48707
92.3204
3.42406
87.8127
2.36263
0.852493
91.6095
0.449277
4.75527
8.82633
0.0651984
1.03208
1.07172
0.486224
12.8641
0.137568
0.623877
7.03238
68.3421
18.6574
190.224
0.0868208
132.977
0.056616
37.2513
124.207
1.32165
0.460406
9.60513
2.47954
0.0676134
0.232241
4.12249
52.6588
0.219827
11.5044
0.0534291
48.0355
58.5644
3.85595
0.601157
0.0635956
0.140739
58.0755
140.173
0.512407
34.6872
3.6514
32.0719
11.9411
0.521231
2.21704
4.81385
14.4215
1.76029
31.9115
0.174779
15.5313
1.22824
0.122471
5.83526
51.6193
0.0541346
153.632
0.229812
0.13957
0.0578573
0.625432
27.5953
14.9609
0.223603
2.80405
156.773
118.721
0.17854
89.1082
7.67193
0.853977
0.260279
0.471003
58.711
65.2482
0.0829064
6.59898
1.64928
2.79263
7.81538
0.190275
0.397672
3.29192
0.157128
6.16282
0.713189
0.108906
11.9204
0.226298
4.98712
0.497391
0.50149
0.306395
4.36217
0.203539
0.0771887
0.268963
0.0692698
157.097
0.0601798
0.132844
3.7284
0.147513
0.888101
0.658857
3.48514
4.20324
156.265
0.243135
1.21494
0.135033
0.0721191
43.2429
63.7706
2.33744
154.806
7.69584
23.6162
0.185266
0.224319
0.129203
1.70976
0.155282
94.698
5.77847
32.051
61.5594
1.88799
111.941
48.902
0.294397
0.30398
3.37063
15.3986
0.0690435
146.581
0.879578
16.4887
3.7869
1.0874
83.8584
118.846
3.83766
0.254949
0.686373
0.112281
0.0823231
0.0589236
0.103301
0.0849613
37.4453
13.7823
4.893
0.108122
16.2474
27.7062
7.38487
0.0626184
190.761
0.0666153
8.9373
84.4996
26.0726
159.843
0.667484
0.1898
103.343
12.7903
158.67
0.144519
0.0509898
1.76093
0.243484
0.420676
5.64914
2.70868
4.01099
32.253
0.426239
5.72834
71.7823
0.46507
0.696903
1.78722
0.579188
0.0928034
0.765013
0.253141
17.1163
96.3944
31.2172
53.3736
0.178108
12.8628
0.0882534
3.45138
0.0754607
10.9014
11.083
0.256257
0.415693
0.769153
1.37365
0.0589854
4.86055
4.70488
0.169696
0.105815
0.979724
0.480959
0.441521
0.507642
1.79373
174.399
2.83785
0.713907
0.851273
0.292464
0.45061
21.5181
0.213725
123.99
0.309738
0.0841917
29.0047
0.0965874
35.5442
16.287
174.316
0.326803
0.57935
7.52574
1.47441
0.131932
0.755411
1.16963
0.339041
1.42861
15.5505
0.283063
179.224
0.440132
25.9102
99.4135
0.463279
0.144168
186.06
6.39831
1.0133
2.52329
0.402929
126.159
9.59695
24.5777
81.6902
0.0660629
0.589202
4.37868
0.117102
65.38
1.57164
0.745189
16.58
81.9048
0.162934
158.4
6.58525
1.41919
0.24486
24.0057
4.44319
0.0632956
2.68479
0.329507
0.105449
17.4316
40.8909
52.4615
5.28883
1.7065
5.24402
17.2206
0.551426
0.125325
4.73077
0.356548
11.0231
13.4392
5.44649
70.1399
17.1448
0.202991
1.79033
0.320316
0.123974
0.778215
0.232749
0.190861
5.76358
23.9744
2.49754
0.121185
1.88609
88.385
9.49091
128.488
30.9781
0.165009
0.848472
0.57109
91.669
1.66442
33.818
41.1714
153.073
1.29944
20.7212
13.0171
3.96534
25.7347
1.81326
1.13267
0.0705184
16.6529
0.289763
0.400574
0.342868
3.41994
1.24678
0.443935
1.79509
1.16472
2.5684
2.64422
0.3269
0.0735563
0.16131
75.1342
5.06029
0.444725
0.295498
1.44552
0.234501
187.393
19.5951
31.9202
40.2271
16.3699
0.162751
0.352903
105.698
41.7917
7.37191
1.1409
0.0585134
0.110628
47.2883
104.352
0.167595
29.6492
0.263008
58.9902
0.762951
5.96534
0.896749
2.43442
0.12385
0.772142
0.580362
109.5
131.273
7.87536
22.6022
0.0658381
132.965
0.123623
0.0686213
0.860847
1.74409
0.263003
5.17754
18.3605
9.19416
3.11096
3.42525
7.80109
0.361855
8.37291
8.90023
7.95401
1.54754
1.59873
0.0534131
0.26073
0.364192
188.416
1.52859
44.5306
72.9827
0.337297
157.658
0.0716188
8.01445
0.111377
1.01495
2.72028
74.6728
129.695
47.4229
0.482654
0.119401
25.3057
38.3376
0.27687
0.0588461
45.7366
1.05344
1.49987
2.45552
109.127
179.242
0.132469
5.47427
6.293
19.5506
0.518936
5.99563
0.10294
16.1194
0.275344
33.8901
0.124633
0.565546
0.156046
31.4813
11.3935
118.16
2.46784
57.3564
1.94263
0.666829
0.51529
0.341482
13.3468
0.786375
0.133932
0.0907306
39.5891
108.127
157.279
33.7361
159.777
0.058067
0.123899
1.18715
189.971
9.34474
0.0993203
9.08761
84.805
0.222171
177.545
28.022
5.96719
8.2767
2.13272
1.14841
60.7957
116.761
50.3317
0.160362
38.398
0.498913
0.306114
179.081
0.177093
7.52065
5.00473
129.56
14.3442
1.14891
0.876258
147.076
11.5412
0.274685
136.841
4.10492
0.150703
2.45687
9.07067
39.9389
0.459429
48.2091
0.267984
2.51424
0.609998
6.56653
0.716588
14.3775
1.15194
0.16412
1.85428
0.577673
4.38912
0.210717
18.3238
1.23729
0.123267
2.95157
1.85426
0.0854204
20.0469
0.227682
191.686
0.937862
45.4581
0.10393
16.5639
0.585976
0.9365
0.0744605
1.3086
0.428953
3.01424
0.104341
0.36722
0.11916
44.964
3.65737
0.205521
2.48338
0.0561017
5.14193
1.42796
1.07729
43.059
0.335572
84.481
0.125944
194.704
0.203781
0.254278
0.227695
6.68196
0.260057
28.4491
2.07737
0.220622
13.3308
28.207
8.32625
1.08068
13.0883
0.951209
0.0514631
0.0919837
117.411
0.612513
9.55519
1.32869
0.13398
0.0772913
1.94218
0.0821319
13.086
46.1963
10.1937
0.152274
31.5667
0.0682242
8.00916
95.4139
0.0664939
14.976
0.461271
160.458
15.8726
0.0832442
0.305582
0.0688478
22.1752
0.124417
0.779084
3.42973
76.5481
0.828833
13.981
1.96774
1.86929
11.1401
0.331177
0.151662
79.0261
0.131986
0.0568171
13.2613
0.528232
0.198736
0.291199
0.456692
0.171196
7.14283
0.0963359
2.08144
6.50524
0.234038
0.0906037
9.01047
85.5372
46.9357
7.47522
12.6412
3.44936
35.0527
11.9265
0.184898
3.54229
0.558669
1.49648
1.67371
24.3339
1.29
8.32114
5.07493
9.65647
2.27381
0.0738318
100.97
1.98709
0.863224
118.018
4.75633
1.90551
5.15374
1.76368
170.486
0.0834263
0.950604
32.5294
0.0635363
0.0778805
28.5488
0.198625
0.361282
0.0809052
7.40249
2.03303
1.17352
0.083781
61.294
0.0530488
0.0616677
0.113179
1.09833
1.27862
0.55542
0.220131
29.2252
60.0851
27.7891
0.217235
99.661
68.8768
3.11826
15.5365
0.644511
0.11054
3.10935
74.0059
3.59274
0.0603442
0.0741005
0.459868
0.652273
18.6623
0.303018
0.0798366
1.92089
15.8489
0.552004
15.5377
4.39504
2.98354
2.77352
17.436
5.20285
0.0800476
0.176283
51.1457
1.80826
2.24219
9.68375
169.711
0.535657
0.221941
0.154225
1.11059
0.324724
1.94002
1.01106
128.1
138.479
10.9763
18.0485
7.65017
20.5283
0.634829
96.0763
0.0840347
8.13436
20.4676
0.213424
1.16762
0.493162
0.105064
23.8883
0.4245
0.0932679
0.597692
0.482195
53.3372
75.3505
140.342
1.60435
0.879102
0.218427
0.907734
4.75038
75.1654
0.272164
158.671
0.775457
0.952408
3.67163
4.33687
0.207232
52.6389
2.89982
16.5792
61.7283
0.0770002
2.12079
149.311
150.968
4.1283
0.197941
189.257
0.510061
0.0810978
1.18636
5.22152
0.951442
1.11831
15.2152
138.642
46.2319
0.0747457
0.447757
2.18004
1.37779
0.51995
0.487505
96.986
6.75543
0.0519072
39.8142
0.0583168
2.24083
126.584
124.119
0.580468
78.7533
43.7666
0.238051
143.688
0.700106
54.8364
2.73814
22.0897
0.262224
0.121166
17.5506
165.217
0.0671357
1.31337
21.1637
33.2235
3.21901
0.564094
19.2417
68.6652
1.37375
4.10247
0.135219
60.5296
3.6869
0.127547
0.628189
62.3687
2.34584
1.28395
1.24673
0.460653
19.5685
4.988
1.10501
27.4005
98.2859
6.71751
92.6195
4.57774
7.88555
11.7364
0.138386
22.6182
81.8941
12.7294
0.0731826
47.5282
0.693951
0.569712
0.173766
1.58763
4.47744
0.126416
0.343936
0.116358
4.44766
0.250729
1.10732
0.051604
0.532401
0.146746
19.8844
0.487937
2.55734
0.541111
5.57304
78.4448
16.0113
22.1
24.9813
3.25097
194.323
130.617
4.59313
0.52036
0.0854765
28.8423
0.117065
0.347507
0.464203
1.96393
5.97423
0.915087
47.2499
1.38808
0.681164
0.0755047
0.476016
198.774
5.98397
0.23652
0.230935
28.8285
15.5279
8.04636
79.0825
45.5798
0.0823089
184.049
0.542681
9.95048
0.196602
176.261
30.2193
95.8811
7.64931
2.13471
0.0782974
3.46291
69.5124
2.01924
8.95858
159.036
0.0784609
12.6832
0.327919
14.6075
74.4738
0.20868
89.004
121.459
3.97066
2.27116
11.9534
0.168335
138.769
119.301
4.34246
9.82737
0.221008
3.39046
0.220646
34.5317
0.146711
191.267
0.448283
7.34649
6.74806
51.1245
181.852
3.94611
9.78198
1.46971
2.69775
5.21978
0.115362
4.39722
6.44056
0.162489
0.653357
79.6084
0.236093
0.264455
0.110952
0.525003
73.7534
7.78602
105.402
6.69111
1.84087
31.5991
0.345212
17.5576
17.7021
82.2398
3.22797
1.19909
18.988
13.3089
0.171719
1.3641
0.0687486
0.661137
0.173535
0.390813
6.64746
0.133319
0.137037
135.077
0.218645
2.83027
10.3598
19.7696
0.157672
4.66899
0.198869
80.3247
0.461732
0.103511
6.58894
0.269031
0.102015
36.033
128.754
0.0841098
49.6234
58.6175
25.8903
0.580449
124.434
1.45538
6.25294
1.41972
0.146601
0.0827562
14.63
37.973
2.55028
0.188023
65.5204
0.0550849
38.6113
2.87914
6.49755
84.323
143.58
185.227
123.73
0.109552
0.646705
190.92
7.31406
0.341929
14.6287
30.434
199.963
0.506847
0.0712889
54.4694
19.732
0.31539
0.0833362
0.168954
25.8749
0.493531
19.131
7.24166
0.157078
0.0665402
0.278948
108.787
7.41164
12.8055
0.230583
1.7719
50.6141
0.281308
25.7464
6.80836
2.98052
1.11753
10.549
0.814332
64.4641
0.269071
0.180212
0.102591
4.89559
2.81776
74.2575
0.165357
4.49252
3.91597
0.171111
0.214511
93.1731
0.77795
0.769298
126.7
1.2023
13.7486
0.682004
0.959194
5.13656
91.199
17.1554
6.62827
2.28398
1.46295
52.6811
10.9179
28.2294
0.117079
33.6662
3.85789
19.7243
0.476219
1.83342
0.0576585
9.62315
3.63989
0.0631733
8.0646
24.5382
20.6122
0.388374
1.4871
4.53136
73.8904
18.8872
142.523
0.348087
4.5762
58.2885
4.25865
0.273738
87.3951
0.0827812
195.783
3.66971
3.73145
42.3983
0.776602
0.504272
2.37737
10.249
0.364103
6.33127
0.105712
3.05567
0.066878
13.7779
39.7813
6.40525
0.116313
4.19255
2.74069
0.0924702
0.0827877
9.60402
3.04373
1.96694
1.43293
0.217888
34.8485
0.543516
0.123289
3.61343
12.3824
3.7581
59.9692
24.2158
34.2478
0.413251
1.06794
4.93797
0.589728
1.26338
0.0591645
15.8807
0.089179
1.52953
0.287252
0.935215
0.147446
15.2753
0.181288
53.5219
155.398
0.093392
1.8525
1.88963
5.05639
0.26418
0.0914783
156.745
13.1771
0.715633
5.58327
0.059335
7.94703
0.0826501
3.17466
57.9069
154.641
8.74475
26.1936
105.914
0.102045
0.0518814
4.45816
0.0965276
13.1395
1.06996
0.204667
0.26774
0.229096
0.172726
0.143617
57.5748
7.25675
86.2523
0.0902755
40.9378
57.6735
73.5401
76.1275
10.318
26.5938
52.318
0.209807
4.21241
16.9692
2.25018
150.804
25.2774
0.644546
0.367558
184.349
0.0692773
1.18137
0.0644226
0.139385
0.198544
7.11248
23.2929
0.293084
12.962
0.0590918
0.0600889
2.73484
0.0607368
0.101558
0.147292
53.0678
1.94008
127.498
0.823785
25.8085
33.608
1.21722
0.583113
93.4155
6.72396
109.401
53.0415
52.4599
46.8692
0.107229
0.846629
0.216032
1.75026
6.86888
120.334
21.058
44.1668
0.125351
123.805
36.0294
1.0949
8.92206
3.67979
0.589329
52.9502
22.5512
0.0957782
1.94668
0.433421
6.18214
34.2054
74.9872
32.7726
0.282339
1.37828
42.6727
16.036
85.3525
57.4039
0.0745626
4.40115
0.503973
29.6174
36.7704
0.911025
62.1712
63.9996
32.724
182.444
0.966666
136.316
0.0863559
0.256108
21.0066
155.028
29.6507
0.849676
8.00941
3.31863
39.2643
0.0607996
2.34988
8.46935
20.2441
90.4778
3.97823
110.747
2.88451
1.84073
127.695
113.324
7.42385
8.93313
3.15452
0.190802
2.33898
2.26908
0.271604
6.52786
14.2417
0.117454
17.4031
0.158646
20.4076
0.0561107
0.06636
0.235704
4.16333
0.164399
0.517496
50.7704
0.117464
35.4119
1.62979
5.09458
0.190221
1.25826
29.378
67.4514
0.619406
174.497
0.53437
0.473692
27.6638
19.3877
4.44564
103.892
3.05781
0.0707291
163.588
0.0538766
22.0849
0.0522724
3.54975
168.698
0.106328
0.0719269
0.429881
83.7907
1.72512
22.6797
0.161916
0.193915
1.85857
0.363618
158.078
102.715
0.514882
26.3254
24.6036
1.05225
0.0657491
53.467
0.880778
148.027
1.38489
4.67164
0.735913
0.393195
0.0786336
102.913
0.207554
0.957819
69.3409
7.68406
0.155597
7.93399
0.066771
1.43013
4.95209
5.65075
3.73801
2.10709
75.2915
16.4219
0.0950912
141.729
3.60187
1.17852
10.8598
0.122694
4.25954
4.75817
0.328944
0.202664
0.124552
0.0594262
0.115204
86.7031
0.26368
0.853394
0.0864573
61.3277
0.351321
2.23766
24.6349
179.898
44.1776
0.143959
18.1061
0.106185
16.8482
0.0547259
0.187359
25.5784
1.78607
0.131524
0.0840934
0.376736
5.84364
8.42387
0.198931
4.12261
0.0558289
0.729902
36.2498
2.18477
0.410375
0.928418
10.668
6.26939
187.566
0.145837
12.782
0.109253
0.0576525
4.71824
0.0534014
120.75
2.25255
1.99418
1.26994
1.11754
26.6769
0.692695
176.187
7.28118
75.5841
0.16736
5.55704
109.096
6.52866
0.162537
0.211941
34.5004
69.3926
2.23857
0.233883
0.281314
0.0554013
7.39108
6.26387
170.774
31.6422
1.26444
36.5836
0.748019
30.7046
0.079096
7.64125
23.5819
0.390039
0.081783
0.0870845
1.2063
82.8168
1.38271
94.5732
0.449685
5.97448
9.19901
1.92597
0.624758
7.92841
4.45049
0.110853
17.466
25.1378
23.9916
0.100339
21.4249
0.0614572
0.0861532
5.98879
16.9585
4.00945
0.115957
173.457
29.9728
18.1685
12.0586
43.9886
0.137882
1.71874
33.6768
18.5348
0.214854
10.1399
0.065279
11.025
0.0893334
8.60099
196.243
15.6529
4.27657
16.1009
0.0578068
40.1762
2.34198
140.604
4.66594
97.3749
29.5496
0.139801
29.7366
133.623
0.222275
2.58408
39.6522
2.51812
102.892
18.4604
1.6178
4.60713
0.46923
0.0806244
0.0504249
10.2721
56.0884
10.2328
81.575
0.0768284
0.933493
4.21417
62.8092
5.80873
8.31177
0.40006
1.86786
64.6565
24.0478
5.21623
1.50316
11.019
45.8546
88.4399
0.475864
0.84289
0.335151
0.172121
0.181611
0.549469
0.596396
1.71211
0.152081
5.65378
6.06689
0.567399
0.732267
42.0088
29.777
0.314261
1.40305
4.99969
8.48225
22.34
27.9461
0.0566975
26.0033
9.7731
57.2934
10.7591
152.048
60.2652
0.974056
0.125915
1.09857
1.16315
0.483769
2.84882
74.014
0.155295
177.375
0.0585027
0.232571
3.04735
150.988
8.24803
0.506242
0.116188
189.892
1.5087
156.644
89.2671
0.981938
0.498406
1.138
14.0691
0.325371
0.214251
11.9707
33.6676
51.4501
41.4084
0.0937042
1.43578
75.9114
8.34097
13.1347
0.231393
0.941397
142.741
11.6514
5.94152
17.8233
2.5971
0.852262
1.18852
0.299653
1.06448
95.4459
0.156695
1.11057
34.2863
169.598
26.6423
65.3263
12.8048
0.23752
1.40195
23.5594
0.169381
0.0827018
57.0388
3.48793
0.0687847
92.6159
18.5697
30.8809
5.07679
0.0569254
0.591061
0.517268
92.2709
42.4733
5.81652
0.278999
9.41737
1.0298
0.997953
2.21396
5.59873
0.0744692
0.131576
0.156748
0.186135
0.245387
0.197698
42.2987
63.4406
21.8499
50.3178
107.771
0.245146
174.996
0.105374
1.01758
147.645
0.177855
171.97
8.60119
7.57167
0.0677555
154.462
114.71
2.90673
14.8511
1.45268
57.1989
3.87229
0.149504
0.204469
0.658254
0.0875685
1.9763
97.7359
0.0843231
10.9148
40.3222
4.35508
12.9395
0.074774
1.6674
0.173482
57.9669
12.4225
47.4956
0.607172
5.49742
198.449
186.116
0.13683
41.2827
10.1296
47.0402
0.144319
0.0505459
0.694346
0.0966014
102.205
72.8138
1.31684
5.6443
58.1241
47.7336
0.303784
142.114
1.08419
76.1021
0.167489
0.270203
3.00209
0.109139
6.71131
0.392868
6.99202
0.249595
0.131267
0.24857
7.32768
0.643472
0.314276
0.746013
0.0784011
9.5953
7.08991
12.4448
24.4142
4.25158
13.5036
23.9536
2.08584
0.128389
1.3293
0.483718
0.209192
0.495679
9.37146
53.269
0.70679
116.434
1.22008
91.9955
17.7806
10.8576
6.29379
0.0560038
0.283917
0.272039
0.354709
3.05345
0.179409
10.9348
66.2387
12.7649
66.6984
1.0035
3.62718
2.60743
4.99118
57.1561
0.11475
18.1097
195.339
69.6148
2.49701
7.0923
0.684765
0.122646
79.0494
1.06467
10.7208
0.0642064
0.325171
1.55228
0.0549987
22.0101
2.41232
67.6295
6.12452
9.00574
0.625968
36.6352
36.7592
8.86246
18.6295
2.4598
0.881121
0.157405
1.00694
10.3358
3.02147
1.1617
1.75988
125.996
0.337214
15.015
23.7018
5.81047
0.279828
0.0976389
0.077418
27.3251
23.4769
133.857
0.404335
0.0874181
0.16209
88.9505
1.04283
0.449345
0.144937
11.4034
36.5548
15.6812
30.46
0.106784
0.243842
0.333131
0.617139
0.0867448
14.577
0.689527
0.656003
1.73883
0.0534799
78.0266
0.554631
3.63664
127.825
1.69069
0.221124
65.2551
0.709264
1.07931
132.771
13.2434
3.1598
0.0614684
0.45118
79.9788
25.2748
35.2105
6.77023
0.197798
0.347114
28.4273
1.04813
155.146
0.286492
0.494302
4.25629
5.57633
0.839311
0.111305
0.0508258
0.127952
0.138293
0.285896
91.0656
0.183462
1.20587
3.46957
1.63162
168.85
0.08811
9.3064
8.21422
17.9755
11.8757
5.9154
1.73941
1.14392
3.62847
2.26534
1.43741
5.40775
150.059
167.138
0.265923
0.0729998
0.217403
164.598
12.7961
0.0564088
8.87138
36.2401
15.8312
0.157744
23.1549
44.8273
129.417
9.19946
10.0769
12.0313
60.864
33.9705
1.39653
0.0810831
0.0811239
0.634336
0.41792
3.70321
1.56709
3.616
6.52274
0.493571
24.1367
31.9526
22.5478
116.732
0.216283
0.644185
27.1854
0.0774985
2.59817
0.072938
96.8793
117.86
0.08267
58.5514
1.42754
1.57183
46.1839
0.230365
0.264301
4.26756
0.11909
2.44035
47.2338
1.36719
0.62997
1.63544
20.7475
84.9887
3.97524
2.38395
1.28077
0.0500429
0.295795
0.0560561
0.0569859
38.6436
0.229162
0.05161
0.14782
5.58812
0.164767
51.778
0.468323
6.67198
3.89276
0.346587
26.6995
176.797
0.0903305
10.9177
6.93513
4.88713
29.9523
0.294654
1.93795
74.687
2.89717
0.0937643
0.20698
3.74433
0.163861
13.5872
71.1106
0.342987
24.2143
4.59751
1.84465
0.303259
0.053452
0.490468
4.88357
0.0974563
1.25995
8.42753
21.4292
45.4352
79.7077
0.998846
1.31394
0.277348
4.07956
0.0866756
0.0578136
2.79089
135.743
121.143
0.701168
5.16733
4.16119
0.0567348
35.0672
13.3776
0.154251
0.211268
0.0663056
89.5703
2.18321
12.3104
0.0640546
20.3781
5.00757
0.115644
3.11776
49.4012
3.91147
5.27809
0.170773
0.0759334
12.7267
0.438887
51.027
0.291245
0.393657
7.1975
0.738298
6.0015
0.142621
88.181
3.05574
0.0920141
0.512465
0.80198
0.051133
173.128
1.36864
0.973298
105.461
3.51981
42.7487
0.280617
0.715041
42.5088
16.1069
12.7216
0.251211
1.22099
5.70993
156.791
47.1082
0.984763
0.356312
8.68805
0.126891
0.0567885
26.668
149.755
198.822
6.59884
15.303
99.2488
0.359074
24.3735
0.151144
0.659215
0.0593231
0.165487
24.2886
1.44217
16.7826
0.190968
51.8928
0.591412
0.652504
0.0530845
0.284817
0.216551
0.300054
55.607
0.181519
129.351
0.244488
0.441634
0.109584
42.4077
87.2968
0.0622729
0.505416
0.773295
0.397087
142.041
0.149722
1.21152
3.10925
0.0657312
6.85645
53.0677
7.41651
198.054
0.410539
1.36755
63.3161
1.37322
0.157578
0.292251
0.0838083
31.7073
2.56161
0.705404
1.52384
53.7729
35.3228
1.60906
46.9172
11.0449
0.0782895
3.11577
0.95844
122.36
25.4836
0.880915
1.10791
14.541
5.62762
141.345
29.0611
68.1419
0.122606
1.72855
