96.7003
6.84894
1.55278
79.2241
8.58662
8.38956
197.437
48.2973
2.62844
3.63324
1.04185
33.0855
2.86209
5.60251
150.46
163.44
4.67965
159.075
5.77787
3.25551
81.3448
51.292
3.42327
1.83429
67.8911
2.21295
159.459
182.01
22.2811
78.618
26.8548
17.4057
125.053
6.38091
47.3943
2.21984
1.86163
34.2406
191.74
0.5381
5.5011
39.3739
5.91967
20.0913
27.667
12.0307
171.872
2.51761
23.3907
7.09692
49.6576
67.27
1.676
87.123
4.8431
90.7213
14.1726
0.129302
3.16507
0.529726
146.251
3.64117
0.351723
151.684
0.366419
5.04785
161.761
1.13082
11.6324
116.33
1.48534
0.711859
141.675
11.7842
19.1516
150.138
176.079
168.207
157.587
15.6064
19.144
2.33289
74.6804
26.74
2.7947
46.1713
0.0709946
127.077
21.2752
98.3607
105.152
165.464
3.65399
109.228
1.78529
5.25081
2.57006
28.1985
1.84962
1.94903
1.82368
3.88703
1.55329
19.1678
11.603
20.7935
4.92245
10.1971
21.6377
41.994
18.5866
189.89
36.3377
1.3994
3.91135
61.6841
5.01704
48.3578
43.4981
0.897783
32.238
38.1896
8.25274
158.972
1.05447
58.9796
69.8707
11.986
17.5495
0.186347
112.325
26.0182
53.5375
95.2193
74.5763
155.844
1.14747
18.9829
31.7168
0.814811
110.708
5.58212
20.027
2.3284
0.202802
11.4581
1.19125
3.72993
0.287532
5.61451
33.7521
3.99126
86.6541
0.769953
4.80178
39.5078
27.6373
5.45129
9.93632
52.8936
29.3297
21.3106
0.286532
15.7308
2.22348
44.5894
51.2185
22.0693
2.60975
128.674
14.1493
0.179166
72.6721
8.37993
6.45283
8.14769
1.50838
2.60504
0.223079
23.7667
48.3883
0.380862
15.1006
32.5634
11.7672
110.929
2.56385
171.834
168.058
170.336
47.2212
104.751
13.2514
157.227
5.92513
2.96335
1.27102
0.560154
9.30985
3.08689
4.99493
1.68893
31.0445
0.979146
40.899
119.821
195.227
1.69396
17.0926
0.958486
37.1436
0.146244
76.5239
0.37286
12.0798
0.796453
5.73565
4.92503
2.07348
2.70271
105.374
34.4373
37.546
95.8107
1.04681
26.6057
158.356
87.7678
7.90326
132.116
3.76026
6.09961
7.06047
15.8738
25.4265
66.5086
69.8609
22.2143
56.3082
44.4328
1.51337
101.584
1.05269
13.5303
173.201
3.06176
182.931
0.518462
39.7305
181.044
1.25715
72.6176
168.03
1.14094
40.9552
83.3657
95.9138
74.852
26.5967
32.1118
24.2836
110.191
0.490173
48.4499
49.7299
40.4202
2.14483
5.00393
111.278
47.7518
48.331
7.35133
125.479
105.331
68.3859
71.0854
65.9301
29.8628
2.22925
1.85472
4.9693
6.71268
194.596
14.2217
43.8801
23.4601
37.7948
91.0971
0.43007
53.0909
5.43619
35.8612
37.9848
133.186
1.90887
0.235439
1.56129
1.78695
1.27454
117.12
1.36449
30.3323
41.3993
28.2172
10.9665
11.6698
1.82952
67.6842
21.8725
26.0435
68.8672
116.066
82.8552
0.0853492
3.04416
0.292909
82.7162
38.7152
22.7329
12.0313
2.33111
6.00157
2.15032
66.4257
1.05764
113.163
3.47189
128.229
16.7845
70.6339
8.4068
1.42034
0.37957
173.343
87.0328
16.8678
78.5633
0.619622
148.946
186.265
37.2839
7.11282
55.8621
13.3168
1.14861
133.214
1.51813
20.7933
4.39997
2.00288
42.1751
132.235
126.549
4.73593
22.5363
21.7995
19.1625
30.2255
1.6935
1.35569
46.3599
26.3676
6.5391
0.596684
96.8686
0.257742
32.9605
109.318
1.77241
117.403
102.218
33.6213
146.893
0.22932
12.154
34.0315
0.650521
5.40834
55.0876
7.15857
53.2325
107.131
72.8827
0.32796
61.1012
0.356252
18.1709
190.468
0.384422
4.01395
22.0418
55.3807
4.46284
3.42715
5.59365
0.225138
20.0875
0.92685
1.90157
50.0899
9.93506
9.88251
24.7491
2.00196
20.1435
0.289352
0.643421
70.6769
71.0419
3.81005
0.556689
10.4237
138.459
196.648
105.045
25.218
0.617982
117.976
16.8996
157.583
170.077
0.964089
18.6153
59.3375
33.6326
23.9591
1.40692
0.335483
39.7257
4.95287
18.9069
31.9033
91.7861
117.584
15.3549
8.9837
47.565
82.9952
60.407
22.2391
4.67761
60.2198
45.9098
4.43058
1.52001
60.5495
45.5028
0.271033
62.4109
2.05698
164.368
164.553
4.94205
82.558
2.67812
62.2522
122.385
24.1243
0.539033
60.0849
0.506742
0.649822
125.877
45.1636
33.3012
0.350887
3.25203
22.9902
3.72888
63.0313
74.6353
41.0862
55.8171
0.576382
54.9544
3.10944
5.05881
12.674
39.3386
0.778902
0.312355
120.795
0.291241
93.2259
78.3565
16.7144
34.5974
0.23834
36.344
9.25096
8.31413
12.0807
18.7657
0.343683
75.4354
19.3075
3.51627
6.51636
6.1759
94.9852
153.642
10.9721
3.46957
0.472336
32.0066
60.816
0.874824
3.52978
2.32934
4.33924
1.59591
14.0307
14.2708
5.87683
51.5562
4.89484
117.67
47.0893
40.6425
0.974058
53.3947
0.418161
52.967
10.4225
137.761
1.12736
48.0098
104.217
1.02483
0.283021
38.5151
1.09979
49.3014
0.487188
5.84033
3.10677
30.4143
1.16167
1.88891
0.343008
0.175119
1.92731
7.13197
1.26999
156.893
58.082
32.6431
0.937987
3.54918
1.95897
0.335488
11.5141
0.94313
79.9014
1.4774
4.85922
2.154
0.406846
1.2596
3.0088
8.34938
1.32919
87.9877
4.25485
1.92715
40.3988
2.64728
46.3
197.606
188.1
57.7058
4.91618
38.8292
24.9552
38.1096
1.86687
0.93098
45.6
101.421
27.7571
19.3505
81.125
49.9132
1.24401
19.7971
2.02759
1.02134
3.85917
1.95375
36.9626
132.109
3.95829
95.0406
11.6929
5.92419
1.72765
53.4416
39.7485
2.41834
23.9271
133.746
99.5204
42.5827
38.7847
25.4948
1.84591
2.36625
0.235897
146.882
146.047
1.68996
0.339142
7.19786
17.2204
1.25896
8.11657
13.657
5.3534
10.477
0.570407
23.2875
19.6886
126.228
25.1763
34.5309
7.39247
34.6703
19.0543
50.5431
21.9702
41.104
0.249209
1.83507
5.34222
16.4185
39.5161
85.8752
122.808
4.00219
27.571
166.802
10.6266
11.0776
8.59994
0.182533
1.36299
99.7508
5.71265
0.54432
0.470345
1.13667
11.643
1.82685
62.565
196.718
0.113328
139.916
75.7537
142.752
31.2372
7.33249
0.235526
0.269401
1.57588
5.01827
109.06
17.6066
6.84285
11.8142
122.387
5.78608
173.263
4.70502
1.15299
1.78495
24.8679
179.005
0.474473
0.497146
45.3151
1.81612
3.77215
123.332
7.46593
19.6571
2.80581
1.06536
6.20649
4.72866
7.14462
91.0666
3.97836
0.939835
1.16058
154.836
15.4927
16.2992
59.3983
20.7995
72.1264
0.403729
43.8701
20.1389
0.704491
0.356003
0.455955
144.806
66.038
138.489
35.6554
37.5946
154.776
29.4523
13.1405
34.8645
123.499
9.77969
124.111
22.281
0.164842
12.8964
49.6005
33.358
2.75014
151.529
0.506549
10.3057
4.10409
0.977859
25.4958
136.089
161.676
0.432046
124.934
78.9003
0.398954
17.847
0.722699
53.2733
0.624915
10.5743
7.7793
63.4434
69.9627
30.1687
0.212306
0.310272
5.18566
183.307
19.3604
19.2109
16.7167
45.0701
0.866732
1.64999
4.57393
15.4379
10.1899
7.46226
21.9047
4.99213
53.9195
0.575259
110.587
137.054
0.537825
30.0385
0.183918
14.3716
0.431591
29.6133
0.771019
9.75939
8.67014
76.3981
1.30757
3.29467
17.3189
171.383
40.8692
11.838
115.066
76.0128
149.633
63.0165
1.08595
21.5624
76.0331
5.84559
0.502976
93.7699
22.2119
8.89481
0.893193
6.17622
49.2854
2.24539
39.4796
0.524328
0.240676
80.7749
15.4345
1.32493
26.3706
182.547
2.74558
30.2498
6.20431
68.0953
26.5674
158.826
73.9941
59.733
67.8893
107.957
10.5759
43.4312
97.8967
13.7949
2.32367
0.997213
7.79601
98.3787
110.299
5.09419
7.88921
18.5692
17.5935
150.958
6.386
0.68823
58.4284
25.8518
64.7127
28.2262
5.86461
12.9385
5.09123
12.138
33.9171
33.0091
89.0669
4.73358
12.714
1.84331
0.407917
1.4051
38.335
35.9885
5.13604
52.1982
22.996
18.1785
1.1535
118.307
22.3583
37.5107
37.4944
19.1202
0.980892
2.04513
4.41115
3.9541
73.5909
46.8309
0.712608
133.275
39.4845
19.2554
23.3933
3.03167
4.93286
11.383
0.663094
36.1387
7.58466
50.0486
5.20684
1.85899
7.1286
2.59126
66.3024
36.9676
40.9932
5.77767
3.40771
66.893
7.48017
0.216763
59.1253
1.79314
34.3971
22.9989
15.7388
34.0327
1.38492
19.6012
25.7272
29.059
26.7417
5.02269
1.60055
12.4743
34.7319
117.24
63.3138
12.6428
3.41884
0.412161
4.14223
11.6902
0.562902
184.387
0.394743
88.121
8.76836
6.64351
0.253187
10.6635
17.3913
17.183
10.363
76.0441
2.31991
59.5765
0.396914
187.947
163.308
15.6525
1.73236
3.68036
81.7957
1.73564
176.284
18.156
14.396
0.413836
0.464647
0.946637
0.197824
80.4385
11.5562
0.855868
30.7282
8.57395
189.033
20.6885
0.25858
83.4902
129.976
62.571
12.9093
12.049
1.48527
7.02529
2.64935
0.610556
133.671
88.6295
0.976372
7.61189
45.6977
0.814759
42.8163
34.057
9.86367
2.50463
0.691673
1.65171
0.85882
45.6013
10.4366
0.440421
124.428
2.82856
175.996
51.3294
55.0414
153.271
20.2973
34.1006
6.72358
17.8608
61.76
53.8613
1.80086
8.4354
7.0741
5.09417
10.9465
0.32538
4.36537
30.1003
2.04925
49.6704
9.57757
118.217
41.1922
77.6976
198.979
1.83133
4.21436
28.5512
0.141998
41.1848
99.6529
13.4857
29.2913
61.5883
2.27681
102.015
69.3824
1.49766
108.682
0.674954
1.69196
2.20043
130.313
2.07466
188.509
7.55631
170.315
0.621895
0.462035
102.065
2.41444
11.1327
65.8195
2.92982
7.56494
18.5617
55.1811
6.17499
96.2501
173.721
2.2489
8.31416
173.613
18.8456
1.01282
2.51741
1.29524
7.13358
57.2427
5.63694
43.4377
13.7638
0.11955
128.629
6.16771
4.53223
31.5338
167.69
22.095
0.216514
136.691
88.1559
3.77639
8.4418
16.8538
10.8855
27.2278
16.703
173.234
1.07131
106.736
40.5603
93.0822
26.1943
22.7337
24.9136
29.6011
1.69265
100.382
53.3386
116.258
44.0043
117.855
4.34979
58.8671
113.579
12.2081
8.69209
0.23274
1.09642
170.031
85.5827
1.93588
38.7204
127.329
95.9931
5.68278
6.59579
1.7697
35.4769
0.774363
0.548169
0.437527
135.718
73.6922
22.3622
11.0364
45.3926
23.6246
24.6877
186.743
129.823
20.6748
0.349046
2.65368
0.178855
0.249314
70.4133
3.89566
177.415
1.84798
61.153
1.99965
8.78872
189.155
61.7837
138.469
0.389004
25.2521
4.65605
5.75698
0.325396
18.2651
12.5666
13.8879
1.90788
0.628338
189.911
10.5085
198.621
30.2614
0.833661
99.2308
7.8192
186.886
7.34296
6.9431
38.2464
87.0541
34.9741
7.96235
192.663
0.25873
20.3144
144.676
36.9161
52.9179
145.26
146.555
166.971
19.8144
197.717
1.06828
0.4044
145.199
79.2683
12.3893
0.160943
16.4839
1.12801
2.78967
0.623291
32.9369
21.3666
48.1188
102.585
20.4406
6.12575
8.27607
27.4853
103.991
125.085
0.283343
8.88966
10.2723
26.1229
1.48619
0.398482
11.1751
0.254936
1.59143
0.206113
145.182
56.7234
10.5805
8.64895
60.5472
40.5162
0.775672
19.2409
60.9581
23.0282
0.247818
73.5552
76.9827
36.1251
2.44333
44.5753
78.7008
0.154372
0.500673
119.954
31.4389
25.9675
14.1532
2.15994
56.1939
2.13752
81.5206
82.1094
0.784157
199.181
0.560631
3.00905
72.1373
27.7648
3.70788
3.36805
10.4502
97.7405
0.201135
20.1501
184.978
23.5951
16.6031
36.0467
112.772
44.9751
112.637
8.8271
6.76566
44.923
105.83
10.4842
0.418735
146.783
8.87823
4.58071
45.5458
34.443
116.284
9.21322
0.600038
124.616
1.5224
3.31943
18.7228
60.1277
110.705
2.29268
16.385
140.089
195.326
0.61333
44.5584
106.431
1.02062
33.3562
24.687
67.3538
0.35834
54.4246
41.256
0.646726
154.798
0.112207
2.71844
70.3929
0.763507
76.931
5.7222
1.09429
26.6826
31.5392
88.2791
6.19786
74.7446
84.172
47.5751
31.2407
5.57943
2.04071
1.91566
177.916
67.5942
74.3562
175.347
29.4826
0.670628
39.7959
129.963
27.4194
0.270931
102.809
27.1856
95.2791
108.139
29.5214
6.32709
31.1695
40.6061
70.512
23.8273
113.046
4.78172
153.653
163.04
18.669
0.262741
0.774476
10.9084
25.3469
3.01848
139.155
43.8122
14.2552
8.41753
1.26038
0.775591
80.9951
22.3299
1.59889
3.30784
120.942
0.759974
92.2628
2.73477
0.486163
1.7416
8.08556
167.588
71.9645
0.49818
107.921
47.3175
0.380159
24.998
9.66407
27.2503
43.3749
0.1229
2.66108
3.01616
1.25508
170.728
11.1607
0.727406
137.548
9.28928
18.0073
122.023
154.297
0.44628
27.3449
0.286535
0.881399
74.0004
2.84461
0.811991
134.711
0.363893
27.61
103.043
22.31
8.91817
86.2361
0.0876491
29.2189
28.9149
150.73
0.595421
2.4408
35.9876
31.7756
1.25074
20.2496
24.5145
3.95806
32.4264
1.80467
12.5833
28.3668
81.1592
93.9707
92.4314
33.8605
19.4929
12.0069
0.991932
28.382
140.774
28.1468
0.526105
0.144806
0.41924
1.16681
0.211659
1.28498
15.204
2.01517
3.84417
5.13886
8.61681
36.218
1.22557
120.88
15.5507
0.398459
47.8091
8.58065
71.0173
116.203
50.8897
0.655622
47.7777
126.986
1.5172
63.484
96.4872
0.940625
23.9532
23.7288
18.1815
120.995
38.9669
15.2673
180.371
8.30217
7.78607
184.801
35.2724
147.998
0.639177
0.191337
30.4386
61.5377
6.01441
185.9
30.8951
21.3231
105.219
0.665208
0.425624
28.2313
3.97905
2.30095
0.848294
1.40997
86.0217
0.428911
13.1055
48.1241
67.2524
6.89156
26.1667
17.0899
153.358
30.7882
70.9849
31.1897
96.2056
8.32448
21.531
1.23643
60.5962
1.15454
105.298
1.98147
16.7001
29.4748
7.27145
40.0453
1.04702
15.4754
30.0319
8.61409
0.55354
5.17172
0.831141
46.9388
190.513
12.6516
3.02859
92.4482
9.98122
60.5307
3.63682
1.16714
0.515893
147.749
131.363
77.0956
62.9554
61.0303
70.0361
22.7376
1.15534
2.58853
11.3962
15.5468
13.6756
9.0867
176.189
30.7473
68.4315
0.801783
51.1442
11.8309
1.28903
86.9929
4.50244
47.0462
171.56
122.807
4.21779
68.3182
66.5068
8.69546
12.8317
100.341
1.44374
3.29352
9.59176
7.83091
37.2517
0.285724
11.187
21.74
142.048
0.500493
0.266511
75.3924
23.1847
1.87579
14.6417
0.134702
0.322385
81.8839
2.40966
34.3907
192.482
4.3545
5.37402
63.5777
121.347
6.51296
44.6211
62.0048
6.5101
18.8408
12.8269
50.7044
1.87394
1.78299
9.92536
23.9759
15.4082
0.354722
165.261
34.0285
2.74081
0.667593
34.0054
0.895419
0.290864
0.551712
0.15405
0.281683
52.869
32.4601
2.0868
54.3293
3.70287
195.693
0.990417
0.675239
60.7146
1.75161
19.167
55.5467
0.329715
3.48239
1.59562
5.29598
23.1358
132.154
67.1901
0.636812
4.33262
7.94489
17.7097
111.732
162.45
58.0564
17.3678
35.6209
11.9283
66.4847
9.28245
6.21055
1.49261
161.263
34.88
71.4857
13.7831
59.721
122.099
31.1755
20.7366
48.9208
0.271091
8.65879
5.52086
48.25
6.99451
7.11529
6.05161
2.98884
3.38267
134.194
6.89878
0.204676
186.761
82.1286
159.699
32.6741
0.167874
0.304939
110.852
1.0371
50.3233
92.9194
28.3339
83.5886
87.0802
27.5971
115.128
185.587
46.8367
3.27074
41.7357
19.7781
1.84476
2.02544
26.6726
98.9696
2.02499
12.6737
53.5844
0.596985
81.3455
2.25922
6.38603
1.72542
12.0817
3.04379
1.88263
105.387
3.15006
26.8059
23.7137
4.29937
194.547
5.28357
7.29872
12.3619
5.02591
3.41142
28.5257
6.40498
33.322
3.98863
1.2258
121.147
1.32184
96.018
5.19672
2.17417
81.0796
131.871
0.27488
35.3102
2.07392
27.549
9.57553
124.55
15.4822
4.78147
115.585
3.33939
67.0086
199.629
67.0718
148.438
4.4505
21.7562
181.64
0.285248
56.282
105.739
41.0346
78.6062
0.287152
169.794
1.58759
37.2473
16.601
51.1539
185.787
1.43855
17.0273
0.315826
63.3138
70.0181
14.3092
22.721
84.2369
3.39362
17.9656
0.281622
2.06281
8.21655
2.69983
11.0749
0.629887
0.136494
0.584873
142.62
42.6802
23.87
1.74151
10.0053
197.431
176.379
8.01029
5.00914
34.9131
10.0986
0.17766
74.3779
157.504
52.2737
0.422968
0.399821
21.9951
3.44662
76.3236
0.64184
95.5962
10.617
20.6333
24.6978
0.123464
82.7565
7.73185
6.21015
10.7027
0.894533
16.5211
2.11079
84.3524
1.27512
6.16678
75.4245
2.78757
2.65542
23.0244
21.8091
6.0329
91.0366
1.32686
3.73015
23.8808
13.1597
93.1163
39.0043
1.67732
186.453
46.0578
99.9247
199.659
29.6378
0.391155
155.512
0.226712
4.19309
0.310191
9.15952
139.847
8.3543
7.01681
0.144972
54.3659
111.962
196.377
25.2572
0.294861
50.7837
0.750184
18.1627
17.9596
8.73891
38.655
5.5488
1.11889
80.1503
0.834838
28.3229
2.88292
38.7461
13.6188
39.7481
6.37802
57.4391
0.197417
129.861
21.439
0.139305
17.5754
15.4412
17.3057
158.39
163.644
9.75605
39.2544
40.8271
17.076
1.60103
2.88508
16.5
23.286
180.246
22.0133
16.3288
0.74524
40.5761
38.2116
72.0857
15.9332
0.627759
74.1462
3.64115
59.6693
177.29
0.737244
9.30831
4.41598
5.51281
49.1426
129.287
19.4412
9.44538
98.4445
108.123
9.35973
38.3272
0.136624
64.9225
173.289
12.9875
0.798386
14.2134
0.669347
49.364
26.4086
15.6525
1.75409
180.517
136.849
0.441133
106.8
15.0319
18.279
101.716
6.29698
0.337007
6.34636
14.6595
3.79519
158.199
28.5415
22.7932
81.9036
25.2421
46.1347
22.1772
77.7685
9.86926
31.872
25.8058
9.68149
0.647061
91.5897
165.11
81.0099
21.1756
0.226207
11.0976
89.0339
1.40873
5.07757
27.6315
49.0707
170.135
1.36027
51.6123
15.4254
1.24927
2.08908
0.862528
13.2671
15.8221
196.378
34.4329
5.65495
80.1276
129.409
0.640355
81.1303
31.5877
10.2022
10.936
41.4412
0.372663
10.3576
2.09803
196.598
6.11673
52.3057
12.9228
1.70314
0.596901
47.0961
7.19786
72.7375
6.32893
4.65205
0.275575
6.25822
191.131
4.7022
178.341
19.7063
16.3927
15.3411
186.046
60.3916
14.0683
0.366193
79.9963
64.7766
54.4158
0.604131
3.19551
1.30396
109.633
14.8034
0.331145
0.426556
75.9638
13.5005
49.4862
1.06357
41.6199
46.73
57.0533
0.733778
3.75865
1.52915
0.454104
167.467
0.133898
103.242
3.99638
0.23036
0.899336
181.108
45.9053
2.03726
1.46277
3.10228
0.679608
5.01819
5.37024
87.7637
2.36982
0.718124
21.442
113.135
63.271
21.3995
1.4872
81.9583
101.562
20.2986
18.9938
8.24474
188.123
3.03438
65.7346
88.0656
131.457
25.7596
1.77503
199.951
29.5014
70.3709
38.0497
11.7329
100.949
0.249279
0.606078
6.85941
0.719197
103.741
187.969
148.35
1.7645
43.1019
0.576481
2.42385
36.9589
60.5831
9.47333
133.13
3.95962
1.30779
48.6546
51.667
0.427601
0.145062
24.8032
5.30096
157.956
83.8429
0.348955
0.181305
56.4727
3.78789
2.08485
18.4797
1.07532
0.283971
153.709
3.22142
80.3818
75.0174
142.487
32.2877
21.482
15.6765
1.7884
11.7531
4.7441
0.195333
0.254912
11.2015
7.47639
3.49143
16.8258
14.3737
9.24578
8.30726
79.3445
187.151
0.740625
0.670826
10.3181
63.4382
15.8119
10.7732
0.697454
30.1477
16.5985
114.562
9.33313
1.8635
49.2335
74.7736
46.927
0.297058
46.1697
137.806
175.011
3.50327
162.117
47.6813
190.513
91.3285
139.225
0.142642
145.529
107.496
34.8518
0.759708
8.4081
3.78046
20.6696
23.6184
49.087
137.37
142.868
31.5271
189.013
109.914
172.276
0.33185
5.83149
42.9265
0.577414
69.8554
51.7621
18.2183
15.4404
14.2334
89.7124
0.492985
0.499011
129.131
113.638
137.585
1.19515
15.7144
66.9719
3.01527
1.94313
84.6069
113.618
31.0404
2.99682
26.3709
4.571
57.7883
40.5583
22.5321
61.3962
176.766
4.69567
5.74318
74.0289
1.87621
33.3303
25.3731
3.54976
0.272426
37.8176
2.25952
28.8982
36.2116
2.29268
15.2413
35.5985
0.560337
2.22086
7.09332
1.22788
2.97635
55.301
109.089
66.1882
65.027
167.513
6.57482
124.816
70.4168
38.5963
106.256
37.9266
21.9511
35.2287
22.597
28.5051
116.371
24.0797
37.4161
181.742
57.5471
0.727555
0.197269
2.74516
1.01512
0.9634
20.8436
0.880419
6.75784
0.493691
82.0354
1.62221
5.41807
1.14888
56.3116
0.88549
8.74001
21.8649
3.70725
0.605627
3.29417
106.846
48.2339
109.733
57.2545
0.263458
1.4853
1.96971
6.71095
30.5632
24.7412
21.9664
41.1932
0.718741
5.73312
17.3912
0.210151
0.392658
170.169
196.216
3.76041
53.8312
28.1528
9.84836
6.43968
4.20196
114.89
11.1674
0.868488
16.4032
17.8953
79.4299
0.160409
12.9858
33.8529
172.672
43.2726
33.7336
1.18937
4.87999
3.28671
0.491116
20.7383
115.93
3.50617
5.39929
0.226737
3.38648
18.3075
20.4939
5.82847
114.618
0.44885
57.1313
67.5729
6.05476
13.0757
5.00123
1.24533
67.0771
5.2418
4.63883
3.11334
1.28226
104.835
4.3447
10.0638
59.4552
5.95921
151.078
1.54889
106.202
0.973729
1.32031
10.8141
0.25908
140.056
8.65657
2.08083
13.8611
6.02094
0.892312
34.6369
24.0582
8.72165
0.392804
1.2201
7.71058
69.2947
30.7774
6.68738
123.901
4.08291
11.1131
1.12914
1.50147
1.44395
1.2613
3.75019
0.357866
40.1849
41.3687
55.3155
1.26375
35.0156
24.5139
157.891
17.4448
0.680943
1.07216
0.428547
19.363
26.9294
0.69171
47.1943
12.5624
197.892
65.6016
17.9463
4.59888
0.233312
3.27862
83.1538
1.07231
0.79203
4.76109
89.7602
4.33086
47.8259
106.176
172.947
3.2662
52.8771
0.436157
125.719
0.344595
5.02497
57.6151
0.934816
77.6458
3.3097
172.245
120.401
36.5997
0.689122
3.69755
3.89724
0.857905
6.17339
45.3093
0.364065
130.366
2.00212
2.95651
39.1522
23.5997
32.6551
1.29876
82.0449
2.9111
49.0482
63.4402
16.6699
12.4232
0.431932
6.86931
0.303826
138.692
1.84587
86.7476
1.74777
3.72842
1.6409
5.64161
1.17316
21.5831
1.07374
170.857
158.695
119.965
1.61842
104.311
62.6673
16.3154
0.631431
0.838847
11.3353
6.49166
115.534
0.49485
4.60687
0.409142
42.0273
23.583
105.596
148.186
28.244
68.5288
40.3675
7.80634
42.4133
35.7938
40.4247
0.949481
0.824611
41.6603
0.433165
0.28881
23.7885
0.582238
0.925511
9.3027
128.802
61.7769
45.6523
47.4582
47.773
8.61501
8.36356
47.8086
61.191
133.995
0.4756
102.957
18.7403
1.57053
1.20751
0.584808
12.4645
5.29411
3.08208
0.481388
0.270145
83.5045
4.07305
0.307982
72.1318
38.1313
154.083
1.3664
5.92743
141.459
27.7539
28.6399
0.589382
13.7873
0.901581
2.15156
8.89671
45.2244
1.34195
105.102
35.7368
95.5333
13.2182
23.5325
95.5432
74.5538
9.7612
110.088
0.197199
94.1925
0.886432
117.153
6.49524
189.368
1.87959
2.69674
77.4995
10.9466
4.83741
5.65621
4.13387
1.47315
62.6597
2.17496
3.71058
0.0969971
1.32665
11.7096
25.5513
123.934
39.0794
5.12614
0.494447
7.6739
195.654
4.6175
6.84234
143.598
0.862213
63.6758
0.23489
0.232964
70.5812
0.268048
1.0611
1.05299
1.24085
11.3791
6.5118
1.56759
42.4003
58.0789
0.402928
0.586082
41.2429
101.489
17.9756
12.0442
45.067
86.1944
45.1867
18.6537
35.4625
45.851
182.726
12.4226
150.349
1.93569
0.878172
57.7388
119.649
1.01997
3.61408
0.913423
21.8981
10.3444
9.0266
0.554842
3.37327
0.736724
7.14288
7.82823
42.6408
16.4929
92.1738
16.5399
10.4566
53.8379
1.61315
14.4477
131.665
3.88635
1.60692
23.8153
4.19451
0.747391
1.36887
107.553
32.2441
12.581
19.7495
5.59149
5.21176
0.732659
9.76716
0.72587
2.43329
33.8529
1.87982
41.8521
2.48641
6.28783
65.717
188.735
0.336353
6.20264
33.0559
24.7421
31.8471
3.37502
1.32769
121.031
23.6461
43.5595
0.451673
36.552
28.7285
145.452
190.283
38.2328
171.422
62.2238
52.233
169.988
48.7413
24.1127
22.4637
53.7202
0.852913
10.8577
48.6432
53.4326
15.7876
113.029
1.73027
90.2569
163.327
1.69147
1.20193
1.8466
2.30082
58.4552
0.119395
4.43749
2.29333
6.04651
0.642124
139.365
4.26035
2.29295
5.6609
19.5806
3.63828
0.889504
109.116
5.04727
5.52211
20.2111
49.1658
36.8126
0.905794
0.219521
5.35839
109.433
22.2615
39.8037
2.39124
95.3054
167.659
160.003
19.1669
19.3543
3.52953
0.273966
23.4815
64.4696
70.6294
0.969572
33.2852
42.627
8.94282
69.0117
89.1963
21.6142
10.8333
182.713
68.4507
174.714
189.146
24.1446
136.907
0.315719
85.264
1.04293
1.12618
0.26251
0.62239
121.302
69.6005
81.7313
9.88837
2.4074
45.4933
88.6348
74.88
26.4842
19.3211
90.82
53.8049
102.626
71.5736
119.22
16.7346
5.09889
2.28074
4.62009
176.945
80.7438
2.92365
12.5318
39.1291
11.892
82.6992
42.4748
49.6598
91.2199
0.895249
1.52914
79.4735
13.5217
18.6877
0.240184
34.4365
4.39718
8.45189
36.1976
36.1833
3.18945
10.742
53.0679
3.84155
31.6039
120.395
0.984334
6.81354
61.136
39.4584
16.4484
29.0439
0.244274
11.7233
1.40901
85.8732
10.5136
3.0426
2.83563
0.59025
10.1517
2.7886
22.8372
0.593789
74.7618
13.7999
62.3579
1.51394
5.47205
2.78612
1.84726
7.62839
94.5617
0.15495
81.868
0.788359
4.86854
43.8974
17.8301
5.89383
1.26608
153.85
86.1602
0.438963
9.42723
191.33
0.685453
1.85787
0.223462
147.744
10.3887
0.944529
58.697
0.622987
0.703372
3.00484
13.8042
42.2432
0.482265
0.663318
9.68866
22.3594
167.041
1.2963
0.556908
34.707
39.5264
1.60705
0.202831
5.47186
18.9939
0.961182
66.26
0.380634
13.1519
2.42677
18.0031
110.379
30.4307
51.9311
5.81506
154.88
54.5358
14.8784
11.2645
34.2052
18.0086
8.76374
43.6828
10.8791
32.923
165.319
89.3314
1.47448
51.9997
12.5166
44.4175
67.7988
0.606672
22.0681
45.0664
2.56677
3.09802
127.357
1.37238
53.6987
101.847
147.545
10.3706
4.5688
69.6458
3.97871
167.842
1.3001
27.5964
183.174
1.89934
0.990267
79.3564
0.658773
26.3094
3.29027
5.8958
68.8305
38.9291
95.8962
102.061
4.03932
6.29034
10.7741
74.944
6.90183
52.6823
4.06687
83.5155
59.7366
90.3108
0.873831
0.216552
1.89844
198.856
4.83392
90.0826
11.372
8.94368
164.455
16.5691
118.51
24.8459
7.58142
12.1809
114.302
27.656
4.42074
0.534702
9.05016
0.248302
8.89887
23.7763
20.497
44.1949
146.107
2.44475
20.9251
0.488627
0.970047
40.0465
28.4643
17.4582
27.306
99.355
3.29608
15.5226
1.84289
198.878
167.281
118.813
0.574805
0.441639
80.3531
9.7751
116.58
174.912
3.35886
187.286
145.849
3.37099
69.8003
23.4353
175.104
15.3537
83.4017
13.9672
1.7624
0.207834
1.02954
102.283
23.9168
19.3422
22.9134
3.72467
2.86707
0.932741
14.6877
5.04653
179.448
0.5778
33.032
16.5701
186.323
42.8569
116.921
26.9193
44.8657
12.9761
62.4886
73.8721
49.3257
11.1968
72.4902
49.5199
2.21626
34.9636
156.451
22.9873
0.997574
12.4034
4.23894
2.45565
14.1913
7.0257
7.92516
0.402258
10.8221
154.693
105.537
2.83695
102.461
7.94588
1.32
23.5506
0.429425
34.3941
10.609
17.2005
0.667307
0.478508
0.56552
99.3774
0.255332
180.083
19.8226
1.26748
57.8367
0.771355
11.1609
26.2531
93.1273
59.5066
14.4602
8.1434
89.863
52.2252
40.4814
3.15268
1.14852
172.719
13.2876
196.731
167.89
133.981
120.23
114.529
0.812348
10.6595
77.5345
7.14989
11.4261
186.495
36.7481
40.3293
55.7856
42.1398
9.50056
0.887246
11.3741
190.074
0.17595
40.6137
155.316
4.62822
14.2601
133.168
60.5055
21.9562
38.0008
30.1947
3.02884
47.2157
121.397
138.344
22.7197
34.8645
32.3321
13.9979
0.534181
1.67872
106.535
70.2017
155.171
1.06702
1.38086
9.54967
32.6823
14.371
104.487
5.94546
3.66653
116.769
9.14513
21.4336
29.3314
43.8722
109.324
27.1918
4.66478
16.191
179.369
42.8465
4.45178
1.09307
6.9377
32.6026
10.0316
20.1261
131.963
5.03151
85.3021
0.574646
64.9182
1.81582
103.271
122.417
167.278
1.13156
2.5073
75.0412
31.5018
4.97263
29.037
3.35531
114.06
8.24167
18.267
11.3637
63.1853
0.415384
18.0122
46.2265
58.7907
127.698
2.63327
10.7884
15.1484
0.731222
1.86401
2.2476
0.322854
0.714767
108.121
4.40301
3.19598
9.35406
3.19921
97.2046
19.195
5.29892
3.28706
134.31
7.62401
54.1453
51.5677
9.26868
2.4771
1.3517
22.7158
12.995
1.3321
9.51435
119.092
0.104028
11.2974
130.722
130.445
0.412957
17.3184
4.41148
8.78251
87.9538
41.3148
5.65335
2.89665
21.089
166.681
1.07858
0.810842
16.3244
39.779
11.5887
179.998
9.88114
29.7861
1.02761
53.1629
122.979
1.51688
7.21072
22.0243
14.6818
11.2558
55.6579
30.9269
27.2154
103.397
14.2041
23.5121
37.6191
49.6579
4.71176
6.63292
4.83465
3.44123
45.1174
72.5314
22.1769
189.981
14.9981
5.85689
112.9
3.70716
2.75185
57.6214
0.825076
3.16203
0.554444
35.2993
1.02346
5.5637
1.29972
5.56543
0.164928
4.64995
0.309109
2.21859
4.98339
22.9936
0.570971
0.988308
1.54065
11.9305
16.2182
14.9638
83.2248
2.24226
24.6757
6.8194
0.904012
0.453237
36.6685
0.49508
8.00213
178.539
7.85792
159.733
26.7095
5.70229
21.0416
0.323526
8.27974
2.09138
112.638
8.80662
47.9557
0.379346
95.5717
109.962
2.69517
125.585
16.2471
15.2741
0.266835
62.3167
85.9769
1.49802
0.448274
8.50239
40.4859
46.4467
40.7492
21.094
188.369
97.4713
21.6856
30.8762
3.63534
38.7939
194.933
1.8852
142.392
78.2414
6.99166
0.757211
12.1779
0.301456
119.428
0.482222
0.888467
66.9912
0.49015
33.2941
0.442357
95.2019
68.0976
142.742
1.88746
0.524283
49.7422
2.11588
6.43708
6.31933
148.337
41.8453
23.0755
16.8127
26.1163
2.95451
83.0529
8.10718
13.6962
1.00093
23.5204
2.95801
132.705
9.0379
42.733
2.85336
81.2123
168.59
15.7293
1.66089
0.345733
18
1.92336
1.05337
16.1542
60.0962
83.6219
0.31552
105.551
12.1177
0.221079
23.5449
1.09537
35.9378
2.27719
113.049
9.84493
117.892
25.999
1.0814
29.1326
104.788
0.644432
18.448
10.7641
27.4941
9.20245
2.3564
51.9605
177.343
149.076
2.687
7.52278
21.0461
0.291203
14.4444
1.02915
75.8762
2.42918
0.261709
6.9918
155.615
161.547
2.97645
139.748
1.30195
18.7924
1.02076
38.4815
0.641341
91.8456
5.41358
122.646
104.435
45.6024
6.32333
6.0741
0.98501
3.66543
43.8376
196.628
59.8187
4.71633
129.478
2.19235
103.953
10.779
106.294
25.7283
61.4142
2.31065
101.942
139.629
0.123939
27.074
70.8504
21.64
1.82524
0.787319
11.9103
0.373807
0.852714
3.11389
32.8566
26.8164
13.2081
86.8882
57.8
1.59364
0.261018
0.273005
0.229938
148.088
13.6391
39.8088
6.30271
3.01323
1.39045
33.8297
36.1874
109.909
1.21924
37.1103
7.79925
0.831918
2.1577
0.453462
8.52498
40.2344
10.7955
1.59679
15.2229
32.028
28.4028
97.5146
67.0616
1.11467
1.71071
2.20698
64.7798
97.7806
0.352264
57.4947
2.83505
96.0976
149.238
90.7582
182.83
45.2605
0.345235
10.7541
2.05323
0.283386
149.458
87.4217
9.07553
25.9338
72.7997
12.1854
5.82842
23.6312
121.898
6.53152
10.6156
60.2264
99.7396
0.889342
43.7836
0.344799
24.6915
101.98
129.544
154.059
1.36065
6.90964
2.49332
4.23989
9.68516
50.566
3.38781
28.7451
1.57925
92.6018
2.18149
47.2284
0.404511
73.7762
5.36796
82.6327
1.57533
11.9533
86.4683
3.74082
0.757081
2.94418
8.03238
8.91107
29.1114
179.722
0.27421
1.81056
117.742
179.486
0.281489
0.346101
62.4376
91.9243
0.686766
171.11
0.439523
0.417198
0.94937
32.1001
3.31503
27.8269
1.9579
1.53677
92.4694
188.11
13.1784
1.78138
0.309945
49.9468
131.128
48.1401
16.0441
103.652
5.11861
9.93076
1.27756
37.5048
2.34097
2.66369
26.0125
102.291
1.03164
131.35
21.0116
0.685603
72.2015
50.1078
1.82031
20.4088
8.68133
15.0409
0.233215
4.05316
2.70525
0.67835
4.71096
0.613591
17.8386
47.3265
19.8739
17.8166
16.1642
1.18358
5.74497
1.25442
0.403277
26.1941
1.82734
56.5521
9.00398
80.9212
42.608
81.325
156.714
2.2135
19.2944
26.5851
4.81008
1.66258
4.46427
30.0406
116.706
17.5117
138.591
59.613
0.329652
26.5758
1.54089
83.1915
26.3076
0.988089
134.082
9.50388
36.6454
49.5423
8.19733
32.6469
111.629
19.0508
0.843686
0.33142
48.6325
47.4242
10.0283
58.4643
57.9004
5.87919
52.1043
1.42463
172.574
57.2246
21.5283
1.87407
0.686994
191.536
39.3028
143.805
43.4349
9.61277
24.0025
15.1888
57.2106
1.78617
1.92857
12.0806
31.4617
0.189995
11.5531
85.4824
62.154
2.4486
6.17976
8.3084
121.193
68.5979
5.20898
29.4118
35.2886
16.496
0.414216
48.811
16.5631
85.077
1.32547
1.34037
35.209
1.64402
3.4195
0.198627
2.46079
119.984
1.04615
1.06859
8.18516
43.4742
160.775
163.946
68.5079
91.3547
1.86209
22.6164
37.0015
3.39195
100.733
3.98234
4.54508
52.987
184.998
12.1985
82.3949
4.97815
15.6414
194.508
0.183462
19.5848
145.409
0.8649
62.6818
4.98488
0.236317
4.01613
35.3285
63.6948
149.201
1.73444
196.367
0.45884
8.86531
89.0761
27.469
103.149
15.5011
7.30801
83.4266
30.4075
0.719758
89.7319
22.2863
60.5237
2.0736
136.583
11.4707
30.6439
18.6786
19.0919
124.272
14.5082
0.779215
1.84355
7.41272
114.69
17.811
2.73465
0.521175
70.3013
26.5138
115.319
12.5773
0.699069
3.74221
26.1242
0.227253
3.89546
9.34307
141.899
8.13819
7.48707
92.3204
87.8127
91.6095
8.82633
1.03208
12.8641
0.623877
68.3421
18.6574
190.224
132.977
124.207
1.32165
2.47954
4.12249
52.6588
11.5044
48.0355
58.5644
58.0755
140.173
34.6872
32.0719
0.521231
14.4215
1.22824
153.632
27.5953
156.773
118.721
89.1082
58.711
65.2482
6.59898
2.79263
7.81538
0.397672
0.157128
6.16282
0.497391
0.203539
157.097
3.48514
4.20324
156.265
1.21494
43.2429
63.7706
154.806
7.69584
23.6162
0.129203
94.698
5.77847
32.051
61.5594
111.941
48.902
146.581
118.846
3.83766
13.7823
16.2474
27.7062
190.761
84.4996
26.0726
159.843
103.343
12.7903
158.67
2.70868
4.01099
32.253
71.7823
0.46507
1.78722
0.579188
0.765013
0.253141
96.3944
31.2172
53.3736
12.8628
3.45138
0.480959
0.441521
2.83785
0.851273
0.45061
21.5181
35.5442
174.316
0.57935
0.755411
0.339041
0.283063
179.224
25.9102
186.06
6.39831
1.0133
2.52329
126.159
9.59695
24.5777
4.37868
65.38
16.58
81.9048
158.4
6.58525
24.0057
17.4316
40.8909
5.28883
5.24402
17.2206
4.73077
13.4392
5.44649
70.1399
17.1448
0.778215
0.190861
5.76358
0.121185
1.88609
88.385
128.488
30.9781
0.848472
91.669
33.818
41.1714
153.073
20.7212
13.0171
3.96534
25.7347
1.13267
0.443935
1.79509
2.64422
75.1342
5.06029
187.393
31.9202
40.2271
0.162751
105.698
41.7917
7.37191
104.352
29.6492
58.9902
5.96534
0.580362
109.5
7.87536
132.965
0.860847
1.74409
5.17754
3.11096
3.42525
1.54754
188.416
1.52859
157.658
2.72028
74.6728
129.695
47.4229
25.3057
38.3376
45.7366
179.242
6.293
19.5506
0.518936
5.99563
16.1194
33.8901
118.16
2.46784
0.51529
13.3468
108.127
159.777
189.971
9.34474
9.08761
84.805
5.96719
2.13272
60.7957
50.3317
38.398
0.498913
179.081
129.56
14.3442
147.076
136.841
39.9389
48.2091
0.267984
6.56653
4.38912
2.95157
1.85426
20.0469
0.227682
191.686
0.937862
45.4581
16.5639
0.585976
0.9365
0.36722
3.65737
5.14193
1.07729
43.059
84.481
194.704
0.203781
0.254278
28.4491
13.3308
13.0883
117.411
1.94218
13.086
46.1963
10.1937
31.5667
95.4139
160.458
22.1752
76.5481
13.981
11.1401
79.0261
7.14283
2.08144
6.50524
0.234038
85.5372
46.9357
7.47522
3.44936
35.0527
11.9265
3.54229
1.49648
24.3339
9.65647
100.97
1.98709
0.863224
118.018
5.15374
28.5488
7.40249
2.03303
1.17352
61.294
1.27862
0.55542
29.2252
27.7891
99.661
68.8768
3.11826
74.0059
0.459868
18.6623
1.92089
15.8489
0.552004
15.5377
51.1457
1.80826
9.68375
169.711
1.11059
0.324724
1.94002
128.1
138.479
10.9763
20.5283
96.0763
0.213424
0.493162
53.3372
75.3505
140.342
4.75038
75.1654
158.671
0.775457
0.952408
3.67163
61.7283
149.311
150.968
189.257
0.510061
5.22152
15.2152
138.642
46.2319
0.51995
96.986
6.75543
2.24083
126.584
124.119
0.580468
78.7533
0.238051
143.688
54.8364
2.73814
165.217
21.1637
33.2235
19.2417
68.6652
60.5296
62.3687
2.34584
1.28395
19.5685
4.988
27.4005
4.57774
11.7364
22.6182
81.8941
12.7294
47.5282
0.116358
0.250729
0.532401
0.146746
19.8844
0.487937
2.55734
0.541111
5.57304
78.4448
24.9813
3.25097
194.323
130.617
4.59313
0.52036
0.464203
1.96393
47.2499
1.38808
198.774
5.98397
28.8285
8.04636
79.0825
45.5798
184.049
9.95048
176.261
95.8811
7.64931
69.5124
2.01924
8.95858
159.036
74.4738
89.004
121.459
3.97066
138.769
119.301
4.34246
9.82737
3.39046
34.5317
191.267
0.448283
6.74806
51.1245
181.852
9.78198
2.69775
4.39722
0.162489
79.6084
0.525003
73.7534
7.78602
31.5991
82.2398
18.988
13.3089
135.077
2.83027
10.3598
19.7696
4.66899
80.3247
0.461732
6.58894
36.033
128.754
49.6234
58.6175
124.434
14.63
37.973
2.55028
65.5204
38.6113
6.49755
84.323
143.58
185.227
190.92
199.963
54.4694
19.732
25.8749
19.131
7.24166
108.787
7.41164
12.8055
0.230583
50.6141
6.80836
1.11753
10.549
64.4641
4.89559
74.2575
0.171111
93.1731
0.77795
0.769298
126.7
13.7486
91.199
17.1554
6.62827
52.6811
28.2294
33.6662
9.62315
3.63989
24.5382
4.53136
73.8904
18.8872
142.523
58.2885
195.783
3.66971
3.73145
0.776602
2.37737
0.364103
3.05567
6.40525
2.74069
3.04373
0.217888
34.8485
3.7581
24.2158
34.2478
1.06794
0.589728
15.8807
0.935215
53.5219
155.398
1.8525
1.88963
156.745
13.1771
5.58327
7.94703
57.9069
26.1936
105.914
4.45816
13.1395
57.5748
7.25675
86.2523
40.9378
57.6735
73.5401
76.1275
16.9692
25.2774
0.367558
184.349
0.139385
7.11248
23.2929
12.962
53.0678
25.8085
1.21722
0.583113
93.4155
6.72396
109.401
53.0415
52.4599
46.8692
0.846629
1.75026
44.1668
123.805
8.92206
3.67979
0.589329
52.9502
22.5512
1.94668
34.2054
74.9872
32.7726
42.6727
85.3525
57.4039
29.6174
36.7704
0.911025
62.1712
63.9996
32.724
182.444
136.316
155.028
29.6507
39.2643
2.34988
20.2441
90.4778
3.97823
110.747
127.695
113.324
3.15452
2.33898
2.26908
17.4031
50.7704
35.4119
67.4514
174.497
27.6638
103.892
3.05781
163.588
3.54975
0.429881
83.7907
1.72512
0.193915
1.85857
158.078
0.514882
26.3254
24.6036
53.467
0.880778
148.027
1.38489
102.913
69.3409
5.65075
3.73801
16.4219
141.729
3.60187
1.17852
4.25954
4.75817
0.328944
86.7031
0.853394
61.3277
2.23766
24.6349
44.1776
18.1061
25.5784
36.2498
0.928418
10.668
187.566
12.782
4.71824
120.75
2.25255
1.11754
176.187
7.28118
75.5841
5.55704
6.52866
34.5004
69.3926
0.233883
170.774
31.6422
36.5836
23.5819
82.8168
94.5732
1.92597
23.9916
5.98879
4.00945
173.457
29.9728
18.1685
43.9886
1.71874
18.5348
11.025
8.60099
196.243
15.6529
16.1009
40.1762
2.34198
140.604
4.66594
97.3749
29.5496
133.623
2.58408
2.51812
102.892
18.4604
1.6178
0.46923
10.2721
56.0884
0.933493
4.21417
62.8092
5.80873
64.6565
24.0478
5.21623
88.4399
0.549469
0.596396
5.65378
0.567399
42.0088
1.40305
4.99969
8.48225
22.34
27.9461
26.0033
10.7591
60.2652
74.014
177.375
3.04735
150.988
8.24803
0.506242
189.892
1.5087
156.644
89.2671
0.981938
1.138
14.0691
33.6676
51.4501
41.4084
8.34097
13.1347
11.6514
5.94152
17.8233
2.5971
1.18852
95.4459
1.11057
34.2863
169.598
26.6423
65.3263
12.8048
1.40195
23.5594
57.0388
92.6159
30.8809
5.07679
92.2709
0.997953
2.21396
0.197698
21.8499
50.3178
107.771
174.996
147.645
171.97
154.462
57.1989
3.87229
0.658254
1.9763
97.7359
40.3222
1.6674
47.4956
198.449
186.116
41.2827
47.0402
0.694346
102.205
72.8138
58.1241
47.7336
142.114
76.1021
3.00209
6.71131
7.08991
12.4448
24.4142
4.25158
13.5036
23.9536
2.08584
1.3293
0.483718
0.209192
9.37146
116.434
1.22008
91.9955
17.7806
10.8576
0.354709
66.2387
66.6984
3.62718
4.99118
57.1561
18.1097
195.339
69.6148
0.684765
79.0494
10.7208
22.0101
67.6295
36.6352
36.7592
8.86246
2.4598
0.157405
1.00694
3.02147
1.75988
125.996
15.015
5.81047
0.279828
23.4769
133.857
88.9505
1.04283
0.449345
11.4034
15.6812
30.46
0.656003
1.73883
78.0266
127.825
0.221124
65.2551
0.709264
1.07931
132.771
3.1598
79.9788
35.2105
0.197798
0.347114
28.4273
155.146
0.494302
4.25629
91.0656
168.85
17.9755
11.8757
5.9154
1.73941
1.14392
3.62847
1.43741
150.059
167.138
0.265923
164.598
36.2401
15.8312
23.1549
44.8273
129.417
12.0313
60.864
33.9705
1.39653
0.41792
3.70321
1.56709
3.616
24.1367
31.9526
22.5478
116.732
2.59817
96.8793
58.5514
1.42754
1.57183
46.1839
47.2338
1.36719
1.63544
84.9887
1.28077
0.295795
38.6436
51.778
0.468323
3.89276
26.6995
176.797
4.88713
29.9523
0.294654
1.93795
74.687
2.89717
3.74433
13.5872
71.1106
24.2143
4.59751
1.25995
21.4292
79.7077
0.998846
1.31394
0.277348
135.743
121.143
0.701168
5.16733
13.3776
0.211268
89.5703
2.18321
20.3781
3.11776
49.4012
3.91147
51.027
0.393657
7.1975
6.0015
88.181
3.05574
0.512465
173.128
1.36864
0.973298
105.461
42.7487
0.280617
42.5088
16.1069
12.7216
5.70993
47.1082
0.984763
0.356312
8.68805
149.755
198.822
6.59884
15.303
99.2488
24.3735
0.659215
24.2886
1.44217
16.7826
51.8928
0.652504
0.216551
55.607
0.441634
42.4077
87.2968
142.041
3.10925
6.85645
53.0677
198.054
63.3161
1.37322
31.7073
2.56161
53.7729
35.3228
3.11577
122.36
25.4836
0.880915
1.10791
14.541
5.62762
141.345
29.0611
68.1419
1.72855
