EventID	TotalHits	UniqueHits	Ratio
0	330	42	0.127273
2	85	35	0.411765
4	8	8	1
6	181	43	0.237569
7	38	38	1
8	8	8	1
9	381	364	0.955381
11	361	331	0.916898
12	34	34	1
13	51	51	1
14	76	51	0.671053
15	395	320	0.810127
16	354	43	0.121469
17	101	101	1
20	696	377	0.541667
21	2649	766	0.289166
25	202	80	0.39604
29	825	575	0.69697
30	60	48	0.8
31	387	54	0.139535
32	368	368	1
34	166	118	0.710843
36	85	85	1
38	111	63	0.567568
39	477	477	1
43	17	17	1
44	677	538	0.794682
45	1232	1225	0.994318
46	4014	419	0.104385
47	4144	565	0.136342
52	59	59	1
56	329	155	0.471125
64	2651	574	0.216522
65	109	109	1
66	2223	856	0.385065
67	41	41	1
69	56	56	1
73	63	9	0.142857
74	1513	1377	0.910112
75	31	31	1
77	57	57	1
82	1281	159	0.124122
84	244	174	0.713115
85	554	554	1
86	209	209	1
87	63	19	0.301587
88	4893	1498	0.306152
91	25	25	1
93	515	128	0.248544
98	268	268	1
99	160	55	0.34375
100	1228	1210	0.985342
101	161	37	0.229814
102	1735	1560	0.899135
112	291	106	0.364261
115	354	312	0.881356
117	961	515	0.5359
121	16	16	1
123	36	36	1
124	178	65	0.365169
127	11376	1441	0.12667
133	430	172	0.4
135	159	21	0.132075
136	1615	1020	0.631579
138	129	18	0.139535
140	2055	237	0.115328
141	3123	1380	0.441883
142	94	46	0.489362
143	120	15	0.125
144	2187	1734	0.792867
147	55	55	1
150	254	92	0.362205
154	3633	1879	0.517203
155	306	306	1
158	175	25	0.142857
160	12126	1626	0.134092
161	540	395	0.731481
162	5097	1922	0.377085
163	1553	1553	1
165	1870	194	0.103743
167	708	91	0.128531
168	315	84	0.266667
169	1076	850	0.789963
171	106	17	0.160377
172	41	41	1
177	2161	259	0.119852
178	11	11	1
179	182	182	1
182	130	51	0.392308
185	1383	1335	0.965293
187	8194	1889	0.230535
188	13025	2333	0.179117
189	52	13	0.25
190	509	509	1
191	743	86	0.115747
192	1007	146	0.144985
194	114	114	1
196	13	13	1
198	219	28	0.127854
199	51	51	1
200	175	74	0.422857
202	127	127	1
206	354	40	0.112994
207	180	27	0.15
208	70	28	0.4
209	7	7	1
212	189	27	0.142857
213	268	268	1
214	838	724	0.863962
216	1793	943	0.525934
220	174	56	0.321839
221	11412	1612	0.141255
228	2008	673	0.335159
231	82	82	1
233	47	47	1
234	751	127	0.169108
238	721	75	0.104022
241	3894	1366	0.350796
252	588	540	0.918367
253	455	62	0.136264
256	6	6	1
258	800	163	0.20375
261	2950	277	0.0938983
264	3524	1907	0.541146
265	86	86	1
268	4492	678	0.150935
270	483	483	1
272	31	31	1
274	1672	319	0.190789
275	11	9	0.818182
277	1286	1286	1
280	252	252	1
284	1067	825	0.773196
286	4572	1330	0.290901
291	1639	1587	0.968273
293	2602	2438	0.936972
294	14	14	1
295	761	637	0.837057
302	175	103	0.588571
304	375	49	0.130667
311	1903	1800	0.945875
312	30	30	1
315	65	49	0.753846
317	627	73	0.116427
319	20	20	1
323	4096	380	0.0927734
324	215	37	0.172093
326	881	110	0.124858
328	314	42	0.133758
329	80	12	0.15
330	288	91	0.315972
331	88	11	0.125
332	618	618	1
333	7	7	1
334	268	144	0.537313
335	1912	235	0.122908
337	2346	269	0.114663
340	187	152	0.812834
344	78	78	1
346	1794	840	0.468227
348	3	3	1
351	10	10	1
352	17	17	1
353	119	29	0.243697
354	32	32	1
357	15	15	1
358	1406	1290	0.917496
360	309	159	0.514563
363	112	14	0.125
366	1893	1871	0.988378
369	27	27	1
371	98	14	0.142857
372	1433	905	0.631542
373	227	227	1
374	154	22	0.142857
377	2324	305	0.131239
379	34	34	1
382	25	25	1
383	6	2	0.333333
386	268	118	0.440299
388	5916	1290	0.218053
389	147	21	0.142857
393	904	167	0.184735
394	468	55	0.117521
397	181	181	1
403	968	968	1
406	856	106	0.123832
407	2449	1861	0.759902
410	2313	1861	0.804583
413	1919	1919	1
414	980	129	0.131633
423	11469	1893	0.165054
427	399	57	0.142857
428	2994	1562	0.52171
429	72	72	1
430	54	54	1
431	27	27	1
433	8	8	1
437	427	343	0.803279
439	1497	129	0.0861723
441	428	49	0.114486
445	16	16	1
447	4123	548	0.132913
452	39	39	1
456	1506	1108	0.735724
457	14945	2324	0.155504
459	5461	2682	0.491119
460	168	96	0.571429
461	353	47	0.133144
462	50	8	0.16
465	338	50	0.147929
469	77	11	0.142857
470	2145	655	0.305361
472	197	29	0.147208
473	145	79	0.544828
474	60	60	1
475	1870	130	0.0695187
477	436	162	0.37156
478	68	68	1
480	217	139	0.640553
484	3354	2560	0.763268
485	611	325	0.531915
489	1004	980	0.976096
490	2751	2186	0.79462
494	155	65	0.419355
495	14	14	1
496	5283	2600	0.492145
497	1975	1524	0.771646
498	2596	280	0.107858
499	1354	366	0.27031
502	136	136	1
504	1222	131	0.107201
506	12	12	1
507	503	503	1
509	360	72	0.2
511	584	99	0.169521
515	6260	724	0.115655
516	367	52	0.141689
519	14	14	1
520	165	39	0.236364
523	110	14	0.127273
525	3552	656	0.184685
526	122	74	0.606557
527	1869	393	0.210273
529	3033	2537	0.836466
530	114	114	1
532	3442	2969	0.86258
533	44	44	1
534	1517	492	0.324324
535	14	14	1
539	20	20	1
540	2284	375	0.164186
541	6620	1016	0.153474
545	445	84	0.188764
548	863	863	1
549	1130	1023	0.90531
552	9912	1426	0.143866
555	4313	614	0.14236
556	42	6	0.142857
561	578	578	1
562	98	14	0.142857
563	3058	2528	0.826684
564	8	8	1
567	3147	629	0.199873
568	1599	806	0.504065
569	1280	1280	1
570	281	128	0.455516
571	667	222	0.332834
576	805	431	0.535404
577	6630	742	0.111916
581	1994	579	0.290371
582	194	194	1
585	569	261	0.458699
586	4104	1329	0.32383
587	3886	587	0.151055
590	1880	1678	0.892553
591	850	850	1
592	39	39	1
595	97	97	1
597	88	11	0.125
598	158	158	1
602	496	299	0.602823
603	2130	1765	0.828638
610	13	13	1
611	534	534	1
616	2899	368	0.12694
617	1246	1148	0.921348
620	8264	2119	0.256413
622	260	37	0.142308
624	156	24	0.153846
626	304	152	0.5
627	588	588	1
629	348	348	1
630	1899	1835	0.966298
632	156	99	0.634615
637	13	13	1
641	303	39	0.128713
643	94	94	1
645	225	25	0.111111
646	6951	2474	0.35592
647	25	25	1
660	121	121	1
661	9323	1048	0.11241
662	19	19	1
663	367	232	0.632153
668	381	381	1
670	22	22	1
672	6817	976	0.143171
673	951	734	0.771819
674	7764	836	0.107676
675	9285	1060	0.114163
676	6755	829	0.122724
678	2530	2037	0.805138
682	88	11	0.125
683	105	15	0.142857
684	110	25	0.227273
685	1641	244	0.14869
686	1684	1141	0.677553
687	266	266	1
691	35	19	0.542857
692	505	88	0.174257
695	254	198	0.779528
696	383	51	0.133159
699	12870	1318	0.102409
701	96	16	0.166667
702	356	174	0.488764
703	791	100	0.126422
704	1494	1421	0.951138
705	1612	492	0.305211
706	4204	1690	0.401998
707	239	239	1
711	64	64	1
712	9	9	1
713	11711	2611	0.222953
714	1351	1301	0.96299
716	760	94	0.123684
719	274	70	0.255474
724	161	23	0.142857
726	3230	2616	0.809907
727	2617	2195	0.838747
730	1798	217	0.12069
733	169	169	1
735	3669	609	0.165985
738	64	64	1
741	296	37	0.125
743	1894	1746	0.921859
746	248	31	0.125
747	67	67	1
748	54	54	1
750	121	121	1
751	1279	1279	1
752	1422	1422	1
754	9266	1334	0.143967
755	103	103	1
758	884	739	0.835973
760	988	661	0.669028
761	500	118	0.236
764	1839	203	0.110386
765	15	15	1
766	17	17	1
767	613	165	0.269168
769	696	696	1
770	232	232	1
771	65	11	0.169231
772	253	253	1
774	338	47	0.139053
776	4387	433	0.0987007
779	5030	558	0.110934
780	392	49	0.125
781	1318	1072	0.813354
783	1738	1702	0.979287
789	6659	826	0.124043
792	280	280	1
794	41	41	1
797	257	34	0.132296
799	1124	740	0.658363
800	138	33	0.23913
804	29	29	1
806	690	426	0.617391
813	448	236	0.526786
814	248	176	0.709677
816	2982	2677	0.89772
819	15408	2010	0.130452
821	131	55	0.419847
822	2123	744	0.350447
823	389	52	0.133676
828	690	572	0.828986
831	3579	3071	0.858061
832	29	17	0.586207
835	26	26	1
841	653	607	0.929556
846	8340	1026	0.123022
848	176	22	0.125
849	147	147	1
850	198	198	1
851	218	32	0.146789
852	161	161	1
854	65	65	1
857	23	23	1
858	253	247	0.976285
859	331	331	1
863	14	14	1
864	5870	542	0.0923339
866	123	25	0.203252
869	472	472	1
870	4	4	1
871	101	24	0.237624
873	561	397	0.707665
874	6184	962	0.155563
875	1048	128	0.122137
879	99	39	0.393939
881	630	361	0.573016
883	3611	2991	0.828302
884	6055	2310	0.381503
885	3654	1048	0.286809
888	53	53	1
890	14	2	0.142857
892	3091	2330	0.753801
894	4	1	0.25
895	6862	2643	0.385165
896	9792	2934	0.299632
898	32	32	1
899	764	674	0.882199
901	734	97	0.132153
903	73	73	1
904	6502	727	0.111812
905	171	93	0.54386
908	249	35	0.140562
909	8919	857	0.096087
910	144	144	1
911	6260	607	0.0969649
914	879	879	1
915	18694	2400	0.128383
916	2480	1048	0.422581
920	3821	461	0.120649
922	208	27	0.129808
924	7624	904	0.118573
925	1578	1389	0.880228
926	1708	1307	0.765222
927	706	236	0.334278
928	726	81	0.11157
930	36	36	1
931	909	125	0.137514
935	97	97	1
936	8	8	1
937	7380	1182	0.160163
938	6141	1208	0.196711
940	128	16	0.125
943	766	118	0.154047
947	47	47	1
950	13444	2995	0.222776
951	2661	2472	0.928974
953	373	51	0.136729
955	10287	1268	0.123262
958	80	80	1
961	6765	1349	0.199409
966	8675	1017	0.117233
968	409	409	1
970	134	18	0.134328
971	833	202	0.242497
975	30	30	1
978	4	4	1
980	1081	830	0.767808
982	665	609	0.915789
983	7	7	1
984	152	19	0.125
986	186	186	1
990	21	21	1
991	84	84	1
998	1460	1362	0.932877
1000	1405	1405	1
1001	1224	1224	1
1003	4385	423	0.0964652
1007	33	33	1
1010	3857	1446	0.374903
1011	94	94	1
1013	104	13	0.125
1015	475	475	1
1016	1144	1144	1
1018	259	36	0.138996
1023	21	21	1
1025	13021	1631	0.125259
1028	106	16	0.150943
1029	8375	1233	0.147224
1031	1583	1068	0.674668
1032	2602	416	0.159877
1033	1598	228	0.142678
1039	33	33	1
1043	434	434	1
1044	2441	211	0.08644
1046	268	268	1
1050	843	469	0.556346
1054	558	160	0.286738
1059	5	5	1
1062	2213	2020	0.912788
1063	6524	612	0.0938075
1065	98	98	1
1067	1236	193	0.156149
1069	1134	137	0.120811
1072	870	668	0.767816
1073	6738	1653	0.245325
1074	632	367	0.580696
1076	26	26	1
1078	21	21	1
1080	1090	940	0.862385
1081	2490	1615	0.648594
1082	11	11	1
1084	54	54	1
1085	971	120	0.123584
1086	116	116	1
1090	90	16	0.177778
1093	1036	166	0.160232
1094	2517	503	0.199841
1095	63	9	0.142857
1101	238	52	0.218487
1102	99	99	1
1105	11723	2103	0.179391
1106	6041	1375	0.227611
1107	4482	544	0.121374
1108	27	27	1
1112	277	93	0.33574
1113	398	54	0.135678
1116	8	8	1
1117	3252	283	0.0870234
1118	217	217	1
1119	277	44	0.158845
1120	1470	1443	0.981633
1121	10454	1621	0.15506
1122	131	75	0.572519
1124	24	24	1
1125	350	277	0.791429
1127	442	57	0.128959
1130	396	196	0.494949
1131	19	19	1
1134	618	209	0.338188
1135	42	42	1
1138	1600	952	0.595
1139	226	58	0.256637
1140	5	5	1
1145	23	23	1
1146	10	10	1
1147	64	64	1
1150	23	23	1
1151	19	19	1
1152	110	110	1
1155	5667	684	0.120699
1156	1026	966	0.94152
1159	176	22	0.125
1163	859	99	0.11525
1164	136	28	0.205882
1166	269	37	0.137546
1167	435	435	1
1171	115	37	0.321739
1174	3180	453	0.142453
1177	40	40	1
1178	178	178	1
1179	44	44	1
1181	12	12	1
1182	260	79	0.303846
1189	283	145	0.512367
1191	1543	265	0.171743
1192	232	29	0.125
1196	845	845	1
1198	100	100	1
1199	161	107	0.664596
1201	1742	299	0.171642
1202	76	76	1
1204	1401	1401	1
1205	8983	1640	0.182567
1207	10997	2197	0.199782
1211	2038	1832	0.898921
1212	146	146	1
1213	153	35	0.228758
1214	838	495	0.590692
1217	5278	751	0.142289
1218	182	23	0.126374
1219	314	74	0.235669
1221	354	228	0.644068
1223	848	358	0.42217
1225	448	69	0.154018
1227	996	715	0.717871
1228	1794	1794	1
1229	1378	1324	0.960813
1230	49	49	1
1232	3553	512	0.144104
1235	168	21	0.125
1236	513	67	0.130604
1237	113	113	1
1239	34	34	1
1240	51	51	1
1241	3417	1761	0.515364
1244	405	144	0.355556
1249	1106	1106	1
1250	44	44	1
1252	70	70	1
1255	92	92	1
1256	190	190	1
1258	1600	1352	0.845
1259	77	77	1
1262	801	771	0.962547
1264	2849	1651	0.579502
1265	1371	186	0.135667
1266	2551	306	0.119953
1271	52	52	1
1272	778	778	1
1275	303	48	0.158416
1277	24	24	1
1278	216	46	0.212963
1280	10271	1314	0.127933
1281	27089	3196	0.117981
1290	144	81	0.5625
1297	48	48	1
1299	509	264	0.518664
1300	535	535	1
1301	287	36	0.125436
1302	504	299	0.593254
1305	397	315	0.793451
1306	148	148	1
1308	1871	254	0.135756
1311	11	11	1
1315	225	225	1
1317	783	620	0.791826
1318	1894	1816	0.958817
1320	152	80	0.526316
1322	946	715	0.755814
1327	12	12	1
1332	783	753	0.961686
1333	20	20	1
1334	863	863	1
1335	461	75	0.16269
1337	186	135	0.725806
1338	236	53	0.224576
1340	129	129	1
1341	241	122	0.506224
1342	56	56	1
1343	5252	2196	0.418126
1351	2288	2214	0.967657
1355	174	83	0.477011
1357	7001	637	0.090987
1359	2579	2525	0.979062
1361	34	34	1
1363	21	21	1
1364	201	201	1
1365	23	23	1
1366	309	72	0.23301
1368	7275	1683	0.23134
1371	418	184	0.440191
1374	10	10	1
1376	198	27	0.136364
1377	472	59	0.125
1378	837	432	0.516129
1380	191	94	0.492147
1381	354	354	1
1384	15297	2261	0.147807
1385	21	9	0.428571
1386	24401	2690	0.110241
1388	1002	203	0.202595
1389	3045	2836	0.931363
1395	711	711	1
1396	2506	248	0.0989625
1397	92	19	0.206522
1400	22	22	1
1401	22	22	1
1404	829	102	0.12304
1407	1633	1287	0.78812
1410	610	568	0.931148
1411	2143	256	0.119459
1413	119	59	0.495798
1415	3284	912	0.27771
1417	152	152	1
1419	6751	1882	0.278774
1423	405	86	0.212346
1425	117	40	0.34188
1426	45	45	1
1427	1825	350	0.191781
1431	2503	1507	0.602078
1433	399	29	0.0726817
1437	11	11	1
1440	191	191	1
1442	47	47	1
1444	160	160	1
1446	3337	2941	0.881331
1449	257	257	1
1450	984	721	0.732724
1451	26	26	1
1452	325	73	0.224615
1453	1722	186	0.108014
1454	258	58	0.224806
1457	227	227	1
1459	428	428	1
1460	43	43	1
1461	258	34	0.131783
1462	18	3	0.166667
1464	748	748	1
1466	6944	686	0.0987903
1467	324	131	0.404321
1468	1592	1330	0.835427
1470	266	147	0.552632
1471	1442	1222	0.847434
1473	152	40	0.263158
1474	7334	829	0.113035
1477	6391	678	0.106087
1478	118	18	0.152542
1480	26	26	1
1481	297	76	0.255892
1486	831	247	0.297232
1487	8720	1300	0.149083
1488	1051	1051	1
1489	1051	755	0.718363
1490	141	141	1
1491	7290	2171	0.297805
1492	624	624	1
1493	224	224	1
1494	599	599	1
1496	2151	1760	0.818224
1497	293	293	1
1498	7156	1251	0.174818
1499	2439	679	0.278393
1500	56	8	0.142857
1501	4830	501	0.103727
1503	1421	338	0.237861
1506	937	785	0.83778
1507	466	52	0.111588
1509	3583	3261	0.910131
1511	65	29	0.446154
1513	604	369	0.610927
1519	326	158	0.484663
1520	76	76	1
1521	974	112	0.11499
1523	2274	2274	1
1524	11309	3228	0.285436
1525	98	14	0.142857
1531	2493	1823	0.731247
1533	4213	1798	0.426774
1534	254	34	0.133858
1537	511	511	1
1539	33	33	1
1542	12437	1387	0.111522
1544	51	51	1
1546	1005	119	0.118408
1548	215	215	1
1550	2198	1981	0.901274
1552	2616	2236	0.85474
1553	1419	1007	0.709655
1554	30	30	1
1555	9	9	1
1556	33	33	1
1557	1313	1313	1
1558	3617	702	0.194083
1560	528	528	1
1561	1605	218	0.135826
1569	14952	1073	0.071763
1573	32	32	1
1575	240	31	0.129167
1576	90	90	1
1577	287	39	0.135889
1582	2839	329	0.115886
1584	120	15	0.125
1587	387	387	1
1589	460	252	0.547826
1592	1600	1295	0.809375
1596	30	30	1
1597	12774	2708	0.211993
1600	2576	2123	0.824146
1604	57	57	1
1606	1315	1003	0.762738
1607	78	12	0.153846
1608	42	7	0.166667
1609	79	49	0.620253
1614	407	263	0.646192
1615	215	29	0.134884
1620	223	223	1
1627	202	33	0.163366
1628	932	239	0.256438
1629	44	44	1
1631	103	103	1
1633	62	62	1
1634	3249	2992	0.920899
1635	492	492	1
1638	182	182	1
1643	9	9	1
1645	2283	1714	0.750767
1646	2381	2333	0.97984
1651	200	98	0.49
1655	10	10	1
1658	873	670	0.767468
1660	1916	1706	0.890397
1663	204	204	1
1668	182	26	0.142857
1670	1965	1831	0.931807
1674	975	595	0.610256
1676	2263	286	0.126381
1679	21	21	1
1680	219	219	1
1681	1461	1338	0.915811
1683	320	67	0.209375
1686	67	58	0.865672
1688	231	33	0.142857
1689	11	11	1
1691	14306	1928	0.134769
1692	621	495	0.797101
1693	17	17	1
1694	180	28	0.155556
1695	19845	3326	0.167599
1696	446	51	0.11435
1697	538	538	1
1699	339	221	0.651917
1700	1406	1198	0.852063
1702	7284	840	0.115321
1706	490	329	0.671429
1707	4687	628	0.133988
1708	1636	1630	0.996333
1709	5191	516	0.0994028
1710	2157	1736	0.804822
1714	8	8	1
1715	1106	1010	0.913201
1716	911	631	0.692645
1717	4273	493	0.115376
1719	272	34	0.125
1722	149	23	0.154362
1723	329	279	0.848024
1724	9458	1244	0.131529
1726	4540	525	0.115639
1727	1109	269	0.242561
1730	25	25	1
1731	85	20	0.235294
1739	932	616	0.660944
1740	5847	1011	0.172909
1741	2401	311	0.129529
1742	8	8	1
1743	15338	861	0.0561351
1747	996	936	0.939759
1748	1075	1075	1
1749	523	523	1
1751	1884	192	0.101911
1760	203	203	1
1762	216	27	0.125
1763	205	205	1
1768	867	867	1
1770	4447	583	0.1311
1773	1470	1259	0.856463
1776	1888	243	0.128708
1777	357	357	1
1778	44	44	1
1781	56	56	1
1783	403	103	0.255583
1786	1495	1075	0.719064
1789	2631	1255	0.477005
1790	1393	147	0.105528
1791	1894	427	0.225449
1792	153	153	1
1793	315	42	0.133333
1796	318	73	0.22956
1799	14305	2343	0.163789
1801	1317	689	0.523159
1802	1375	858	0.624
1806	285	89	0.312281
1810	726	495	0.681818
1812	324	36	0.111111
1814	53	53	1
1817	711	123	0.172996
1818	955	138	0.144503
1820	473	457	0.966173
1821	972	972	1
1822	209	19	0.0909091
1825	1732	1147	0.66224
1826	1053	1053	1
1827	831	560	0.673887
1831	1209	713	0.589744
1836	302	34	0.112583
1837	15	15	1
1838	421	421	1
1840	11	11	1
1841	3033	621	0.204748
1842	36	36	1
1846	30	30	1
1849	175	175	1
1851	202	50	0.247525
1852	126	17	0.134921
1853	982	106	0.107943
1854	2712	1323	0.487832
1855	613	613	1
1858	8834	902	0.102106
1859	2266	246	0.108561
1860	145	145	1
1861	2419	521	0.215378
1863	24	24	1
1865	6	6	1
1869	1290	1290	1
1870	60	60	1
1871	1048	1048	1
1873	376	376	1
1876	488	488	1
1877	617	617	1
1879	159	49	0.308176
1880	5834	639	0.10953
1881	32	32	1
1882	951	124	0.130389
1883	1248	571	0.457532
1887	959	110	0.114703
1889	106	46	0.433962
1890	493	444	0.900609
1892	51	51	1
1893	7370	999	0.13555
1899	1627	912	0.560541
1902	372	372	1
1906	887	103	0.116122
1907	110	38	0.345455
1910	262	133	0.507634
1913	244	244	1
1914	168	21	0.125
1916	15205	2519	0.165669
1917	9	9	1
1920	1918	1908	0.994786
1923	57	24	0.421053
1924	224	224	1
1931	59	18	0.305085
1932	304	304	1
1933	1921	452	0.235294
1934	584	584	1
1935	470	76	0.161702
1938	834	750	0.899281
1941	96	96	1
1943	3428	1632	0.476079
1945	42	6	0.142857
1951	4222	2911	0.689484
1953	1043	1016	0.974113
1954	112	16	0.142857
1955	675	87	0.128889
1956	25	25	1
1960	2282	1671	0.732252
1967	13	13	1
1969	2610	2406	0.921839
1970	850	94	0.110588
1973	273	38	0.139194
1974	183	25	0.136612
1976	322	54	0.167702
1977	8	8	1
1980	21	21	1
1983	1990	1857	0.933166
1984	377	305	0.809019
1985	13	13	1
1987	8730	1014	0.116151
1990	3274	295	0.0901038
1992	1460	950	0.650685
1993	38	38	1
1994	29	29	1
1997	1832	1699	0.927402
1998	17863	2636	0.147568
2002	3464	1293	0.373268
2004	5415	434	0.0801477
2005	398	398	1
2008	51	51	1
2010	144	144	1
2011	69	69	1
2015	141	25	0.177305
2018	1382	1382	1
2021	12704	2330	0.183407
2023	406	80	0.197044
2025	848	152	0.179245
2029	292	187	0.640411
2032	23	23	1
2035	358	161	0.449721
2036	980	980	1
2037	429	60	0.13986
2039	266	56	0.210526
2041	307	43	0.140065
2042	7	7	1
2044	152	19	0.125
2045	7105	859	0.120901
2047	527	373	0.70778
2048	189	36	0.190476
2050	4902	636	0.129743
2051	277	139	0.501805
2052	1492	1492	1
2053	4806	1633	0.339784
2054	15	15	1
2057	4467	1755	0.392881
2058	747	691	0.925033
2060	784	784	1
2061	324	166	0.512346
2063	460	96	0.208696
2069	108	17	0.157407
2070	816	816	1
2073	94	94	1
2074	479	54	0.112735
2078	256	256	1
2079	298	109	0.365772
2080	378	282	0.746032
2081	167	53	0.317365
2083	1193	184	0.154233
2084	1004	875	0.871514
2085	250	34	0.136
2086	71	35	0.492958
2090	34	34	1
2091	690	690	1
2092	209	59	0.282297
2094	326	326	1
2096	3535	3219	0.910608
2097	47	47	1
2098	126	126	1
2099	1065	975	0.915493
2101	49	7	0.142857
2103	1333	1084	0.813203
2105	6249	2548	0.407745
2107	363	363	1
2108	382	105	0.274869
2111	514	442	0.859922
2112	75	21	0.28
2114	1363	1363	1
2116	6484	2036	0.314004
2117	336	42	0.125
2118	28465	2423	0.0851221
2119	18	18	1
2122	67	67	1
2123	39	39	1
2127	3346	433	0.129408
2128	182	70	0.384615
2129	9885	3134	0.317046
2130	2668	304	0.113943
2131	1828	1388	0.7593
2133	32	32	1
2139	83	27	0.325301
2140	13911	2279	0.163827
2142	99	99	1
2145	3517	350	0.0995166
2146	9795	1498	0.152935
2149	779	106	0.136072
2150	176	22	0.125
2152	386	386	1
2153	8037	913	0.1136
2154	243	243	1
2164	4310	656	0.152204
2167	2345	2035	0.867804
2168	56	56	1
2169	506	297	0.586957
2170	3432	3154	0.918998
2171	311	311	1
2174	74	44	0.594595
2177	86	86	1
2181	304	38	0.125
2185	201	201	1
2186	8845	1149	0.129904
2189	346	213	0.615607
2191	4868	924	0.189811
2196	120	22	0.183333
2197	136	21	0.154412
2199	2966	2228	0.75118
2203	208	208	1
2204	39	39	1
2206	99	99	1
2207	28	28	1
2214	77	11	0.142857
2216	259	37	0.142857
2217	1137	1137	1
2222	1563	1563	1
2224	8	8	1
2225	211	211	1
2228	804	589	0.732587
2231	43	43	1
2233	24	24	1
2235	6842	554	0.0809705
2237	3466	3179	0.917196
2238	489	66	0.134969
2239	3310	1873	0.565861
2241	8928	931	0.104279
2243	2118	1865	0.880548
2244	1047	791	0.755492
2246	5	5	1
2249	999	821	0.821822
2251	234	50	0.213675
2257	339	53	0.156342
2263	60	60	1
2264	1301	1021	0.784781
2268	14742	1661	0.112671
2269	13634	1241	0.0910224
2272	1204	1204	1
2284	27	27	1
2285	4380	1571	0.358676
2288	5598	1068	0.190782
2289	60	60	1
2290	238	78	0.327731
2297	86	13	0.151163
2299	32	32	1
2304	8325	1622	0.194835
2306	2986	353	0.118218
2311	120	15	0.125
2314	13013	1359	0.104434
2316	20245	3430	0.169425
2319	11694	1185	0.101334
2321	320	40	0.125
2322	1701	239	0.140506
2324	24	24	1
2325	622	622	1
2327	64	47	0.734375
2328	89	17	0.191011
2331	4	4	1
2332	3057	2655	0.868499
2333	1776	1776	1
2335	743	743	1
2341	93	93	1
2351	6420	641	0.0998442
2352	110	110	1
2354	29	29	1
2355	2882	2847	0.987856
2356	7092	1579	0.222645
2357	4997	536	0.107264
2358	380	53	0.139474
2360	288	37	0.128472
2364	10	10	1
2366	12	12	1
2367	13170	1323	0.100456
2371	530	185	0.349057
2373	4745	3522	0.742255
2374	175	84	0.48
2378	4418	1835	0.415346
2382	13	13	1
2383	534	49	0.0917603
2384	2814	1810	0.643213
2386	8112	999	0.123151
2388	11524	1952	0.169386
2392	2	2	1
2393	3122	871	0.278988
2395	170	24	0.141176
2396	30	30	1
2397	31	31	1
2398	807	115	0.142503
2399	178	178	1
2402	200	25	0.125
2405	765	93	0.121569
2409	199	31	0.155779
2411	2678	2394	0.893951
2414	24	24	1
2415	3087	1790	0.579851
2417	321	92	0.286604
2418	14	14	1
2426	118	50	0.423729
2430	2922	348	0.119097
2432	6293	3404	0.540918
2433	113	113	1
2434	90	12	0.133333
2435	802	802	1
2439	6976	2164	0.310206
2442	1146	1050	0.91623
2444	265	265	1
2447	2748	2043	0.74345
2448	15	15	1
2450	571	571	1
2451	3483	2241	0.643411
2453	358	201	0.561453
2458	3766	1668	0.44291
2459	4677	1444	0.308745
2460	15272	1889	0.12369
2461	13919	3380	0.242834
2464	677	677	1
2466	4318	3551	0.822371
2470	91	13	0.142857
2474	136	17	0.125
2475	4072	3622	0.889489
2479	3944	555	0.14072
2481	162	38	0.234568
2483	43	19	0.44186
2488	3820	447	0.117016
2489	496	74	0.149194
2490	475	109	0.229474
2492	44	44	1
2494	3208	801	0.249688
2501	737	689	0.934871
2503	1638	241	0.147131
2504	2839	1386	0.4882
2505	768	545	0.709635
2509	206	206	1
2511	678	389	0.573746
2512	22	22	1
2513	2186	1907	0.87237
2515	9283	1337	0.144027
2519	254	35	0.137795
2521	2524	258	0.102219
2524	45	15	0.333333
2525	48	8	0.166667
2526	5	5	1
2528	18	18	1
2531	181	181	1
2538	227	32	0.140969
2539	25	25	1
2547	16	16	1
2548	321	296	0.922118
2549	3497	831	0.237632
2550	19	19	1
2551	1069	149	0.139383
2553	1125	1125	1
2554	553	533	0.963834
2557	61	61	1
2560	335	335	1
2564	1920	1231	0.641146
2569	749	749	1
2572	205	27	0.131707
2573	7852	928	0.118186
2576	2550	1882	0.738039
2577	3337	370	0.110878
2585	999	123	0.123123
2587	883	723	0.8188
2589	6697	785	0.117217
2591	17	17	1
2592	401	53	0.13217
2593	14332	2290	0.159782
2594	20	20	1
2600	1226	126	0.102773
2601	526	447	0.84981
2604	58	58	1
2607	1031	935	0.906887
2612	347	92	0.26513
2613	4333	844	0.194784
2619	7241	1759	0.242922
2622	175	25	0.142857
2623	17038	3114	0.182768
2626	263	55	0.209125
2633	56	8	0.142857
2638	1246	1246	1
2639	1014	705	0.695266
2647	809	95	0.117429
2648	15	15	1
2650	370	292	0.789189
2652	176	106	0.602273
2656	224	32	0.142857
2658	419	199	0.47494
2659	9832	1500	0.152563
2663	230	100	0.434783
2664	73	73	1
2665	1145	921	0.804367
2667	129	129	1
2668	775	697	0.899355
2670	1937	1230	0.635003
2673	289	289	1
2674	1436	163	0.11351
2675	3378	527	0.156009
2681	12007	1254	0.104439
2682	737	256	0.347354
2684	34	22	0.647059
2685	8833	2863	0.324125
2693	105	15	0.142857
2695	232	232	1
2696	263	263	1
2697	677	601	0.88774
2698	25528	2198	0.0861015
2699	2396	269	0.11227
2700	13	13	1
2701	12627	1371	0.108577
2702	56	56	1
2703	121	17	0.140496
2704	690	592	0.857971
2707	1632	1331	0.815564
2708	2359	1239	0.525223
2710	76	76	1
2712	305	305	1
2714	12928	2695	0.208462
2717	4239	3726	0.878981
2718	443	57	0.128668
2720	3163	532	0.168195
2722	4046	828	0.204647
2724	263	79	0.30038
2726	1718	215	0.125146
2727	119	17	0.142857
2730	16160	1797	0.1112
2736	168	21	0.125
2737	65	65	1
2743	463	463	1
2744	75	75	1
2746	12822	1746	0.136172
2747	57	9	0.157895
2748	543	83	0.152855
2755	305	113	0.370492
2756	55	55	1
2758	1934	1607	0.83092
2759	177	177	1
2764	42	42	1
2765	5249	910	0.173366
2766	6109	822	0.134556
2771	9567	2267	0.23696
2773	53	53	1
2775	1093	606	0.554437
2776	8242	1125	0.136496
2777	1758	255	0.145051
2781	2095	293	0.139857
2782	72	72	1
2783	184	23	0.125
2785	793	88	0.110971
2786	1240	376	0.303226
2787	3109	2274	0.731425
2788	1899	1871	0.985255
2789	754	754	1
2790	763	763	1
2798	59	59	1
2800	1012	928	0.916996
2802	7717	2093	0.271219
2805	307	43	0.140065
2807	112	14	0.125
2808	11803	2849	0.241379
2814	823	497	0.603888
2815	3299	1176	0.356472
2817	17657	2339	0.132469
2822	2284	207	0.0906305
2824	32	32	1
2825	172	28	0.162791
2826	1033	1033	1
2827	711	183	0.257384
2828	1057	782	0.73983
2829	2722	1211	0.444893
2830	157	157	1
2831	1942	1756	0.904222
2833	3510	2824	0.804558
2836	353	220	0.623229
2837	23	23	1
2840	11	11	1
2841	28	28	1
2842	19	19	1
2845	304	38	0.125
2847	9275	1245	0.134232
2849	1280	1189	0.928906
2853	109	109	1
2854	1153	195	0.169124
2856	103	33	0.320388
2857	21	21	1
2858	3834	616	0.160668
2860	93	93	1
2862	498	79	0.158635
2864	197	149	0.756345
2865	4056	851	0.209813
2866	70	10	0.142857
2867	1693	1386	0.818665
2868	26	26	1
2870	192	24	0.125
2871	150	81	0.54
2874	18	18	1
2876	1757	1682	0.957314
2879	1509	1509	1
2880	119	53	0.445378
2881	1246	1186	0.951846
2886	1202	1202	1
2888	19	19	1
2889	918	918	1
2890	264	33	0.125
2892	503	83	0.16501
2893	11875	1024	0.0862316
2894	30	26	0.866667
2895	168	24	0.142857
2900	29	29	1
2902	13908	2638	0.189675
2903	329	329	1
2905	84	28	0.333333
2907	7387	2192	0.296738
2908	100	100	1
2910	690	600	0.869565
2911	1566	1566	1
2912	2102	923	0.439106
2915	198	42	0.212121
2916	178	45	0.252809
2918	10	10	1
2920	84	84	1
2926	12031	1996	0.165905
2927	183	111	0.606557
2930	160	21	0.13125
2932	7237	829	0.11455
2934	38	38	1
2935	523	498	0.952199
2938	8385	857	0.102206
2940	3114	579	0.185934
2945	597	91	0.152429
2948	6044	706	0.11681
2952	22	22	1
2954	1530	962	0.628758
2956	57	57	1
2958	1933	1786	0.923952
2963	63	9	0.142857
2964	22	22	1
2965	174	33	0.189655
2970	10330	1009	0.0976767
2971	229	71	0.310044
2972	374	374	1
2974	6	6	1
2975	70	70	1
2977	966	875	0.905797
2982	13	13	1
2986	391	391	1
2988	333	333	1
2997	549	103	0.187614
3000	11600	1033	0.0890517
3001	22388	2489	0.111176
3003	210	30	0.142857
3004	746	587	0.786863
3006	642	431	0.67134
3007	6	6	1
3008	1250	902	0.7216
3009	3172	2650	0.835435
3010	5570	471	0.0845601
3011	221	70	0.316742
3014	53	17	0.320755
3015	210	30	0.142857
3017	135	51	0.377778
3018	70	10	0.142857
3020	779	98	0.125802
3021	569	497	0.873462
3022	590	70	0.118644
3023	783	111	0.141762
3025	1311	160	0.122044
3026	2466	254	0.103001
3027	3688	815	0.220987
3030	414	46	0.111111
3032	12833	2474	0.192784
3036	33	33	1
3039	378	54	0.142857
3040	912	828	0.907895
3041	282	282	1
3042	1662	1245	0.749097
3044	1952	1952	1
3047	680	382	0.561765
3048	45	45	1
3054	297	70	0.23569
3055	14335	2656	0.185281
3056	70	70	1
3062	2019	552	0.273403
3066	685	431	0.629197
3067	184	23	0.125
3071	478	106	0.221757
3072	33	33	1
3075	49	7	0.142857
3079	7576	2421	0.319562
3080	567	303	0.534392
3081	34	34	1
3084	8925	3090	0.346218
3090	254	254	1
3093	85	85	1
3095	3796	3113	0.820074
3098	992	688	0.693548
3100	3363	1586	0.471603
3103	168	58	0.345238
3105	183	27	0.147541
3106	752	631	0.839096
3107	3907	1255	0.321218
3108	1537	234	0.152245
3109	19668	3724	0.189343
3110	758	758	1
3112	453	453	1
3116	2122	832	0.392083
3122	225	42	0.186667
3124	120	15	0.125
3128	693	693	1
3130	158	158	1
3133	89	89	1
3140	196	27	0.137755
3142	226	86	0.380531
3143	2220	597	0.268919
3144	9	9	1
3145	412	412	1
3147	1612	1201	0.745037
3149	11502	1244	0.108155
3151	204	204	1
3152	827	827	1
3158	599	485	0.809683
3159	3911	590	0.150857
3161	733	187	0.255116
3163	2123	249	0.117287
3164	622	622	1
3167	1290	620	0.48062
3168	328	328	1
3170	7361	863	0.11724
3172	548	75	0.136861
3174	1790	1008	0.563128
3175	505	93	0.184158
3176	6171	592	0.0959326
3177	92	92	1
3181	344	344	1
3182	774	774	1
3183	157	157	1
3184	1040	705	0.677885
3187	356	100	0.280899
3188	230	230	1
3191	1257	1058	0.841687
3193	439	235	0.535308
3198	18	18	1
3204	1219	193	0.158326
3206	80	11	0.1375
3208	1353	1353	1
3209	2762	2754	0.997104
3210	456	40	0.0877193
3212	328	148	0.45122
3217	1223	175	0.143091
3218	560	375	0.669643
3219	1670	1591	0.952695
3225	111	111	1
3226	15	15	1
3229	403	55	0.136476
3231	11091	1154	0.104048
3233	4349	830	0.190848
3234	1115	1115	1
3239	329	227	0.68997
3241	2808	516	0.183761
3243	3970	1464	0.368766
3247	6791	791	0.116478
3250	442	49	0.11086
3251	63	63	1
3252	260	260	1
3257	32	32	1
3259	71	71	1
3260	3002	311	0.103598
3262	4217	3402	0.806735
3263	10	10	1
3264	1104	128	0.115942
3265	637	77	0.120879
3271	66	66	1
3273	1871	205	0.109567
3280	54	54	1
3281	581	111	0.19105
3283	61	61	1
3284	3017	1225	0.406032
3285	4166	1349	0.323812
3287	2695	1851	0.686827
3288	188	188	1
3290	5959	960	0.161101
3293	6905	1869	0.270673
3294	241	241	1
3295	114	15	0.131579
3296	1607	606	0.3771
3297	184	79	0.429348
3298	341	96	0.281525
3300	867	326	0.376009
3301	282	282	1
3302	6291	1024	0.162772
3304	5	5	1
3305	8	2	0.25
3307	690	628	0.910145
3309	3616	3281	0.907356
3312	295	35	0.118644
3314	420	60	0.142857
3316	9020	1624	0.180044
3317	779	775	0.994865
3319	229	85	0.371179
3322	2722	461	0.169361
3326	235	32	0.13617
3328	58	58	1
3329	2250	2250	1
3332	243	53	0.218107
3334	1270	1123	0.884252
3336	8481	1871	0.220611
3337	394	231	0.586294
3339	131	131	1
3341	1578	282	0.178707
3343	3094	3094	1
3345	97	22	0.226804
3346	1360	1354	0.995588
3348	2198	1965	0.893995
3353	2059	263	0.127732
3354	1039	142	0.13667
3357	398	398	1
3358	5764	689	0.119535
3359	71	71	1
3360	70	70	1
3362	69	13	0.188406
3363	120	120	1
3364	478	478	1
3365	31	31	1
3367	11849	3179	0.268293
3370	8420	1087	0.129097
3371	385	123	0.319481
3373	390	72	0.184615
3375	917	175	0.19084
3379	24	24	1
3380	119	17	0.142857
3381	277	51	0.184116
3382	206	31	0.150485
3383	40	40	1
3385	662	123	0.185801
3386	1040	132	0.126923
3392	41	19	0.463415
3397	1742	1588	0.911596
3398	738	87	0.117886
3401	6417	2859	0.445535
3402	32	32	1
3403	27	27	1
3405	360	60	0.166667
3406	105	105	1
3407	168	24	0.142857
3409	413	73	0.176755
3412	112	16	0.142857
3413	274	132	0.481752
3414	10	10	1
3415	105	105	1
3420	573	573	1
3423	4737	562	0.11864
3427	6575	742	0.112852
3428	274	38	0.138686
3430	876	139	0.158676
3432	187	187	1
3433	326	326	1
3435	2103	396	0.188302
3436	1307	1307	1
3438	8002	951	0.118845
3439	7	7	1
3440	5796	536	0.0924776
3441	128	16	0.125
3444	772	597	0.773316
3445	8	8	1
3448	400	46	0.115
3449	26	26	1
3454	3416	2835	0.829918
3455	2380	285	0.119748
3458	9974	1931	0.193603
3459	518	462	0.891892
3460	673	673	1
3461	3382	2759	0.815789
3462	946	946	1
3464	377	50	0.132626
3467	2198	1453	0.661056
3468	16	16	1
3469	233	233	1
3471	170	170	1
3473	400	55	0.1375
3474	257	257	1
3476	314	68	0.216561
3478	188	188	1
3480	356	44	0.123596
3481	99	99	1
3482	2763	2015	0.72928
3483	433	240	0.554273
3485	42	14	0.333333
3486	2832	642	0.226695
3487	5303	1240	0.23383
3488	8568	3656	0.426704
3490	1314	529	0.402588
3492	184	38	0.206522
3495	526	71	0.134981
3497	2321	1886	0.812581
3499	245	35	0.142857
3502	1089	1089	1
3503	2415	2415	1
3504	7079	827	0.116824
3506	1975	636	0.322025
3507	2757	2595	0.94124
3509	887	507	0.57159
3510	2583	2208	0.85482
3511	5383	3874	0.719673
3514	593	394	0.664418
3515	72	72	1
3516	223	151	0.67713
3521	5033	668	0.132724
3523	93	93	1
3524	476	62	0.130252
3525	136	17	0.125
3526	1608	1361	0.846393
3529	56	56	1
3531	10	10	1
3534	1882	313	0.166312
3535	170	80	0.470588
3537	4123	555	0.134611
3538	44	44	1
3546	203	203	1
3547	360	66	0.183333
3548	2605	286	0.109789
3549	706	86	0.121813
3551	233	49	0.2103
3555	15496	2488	0.160558
3557	10	10	1
3558	727	670	0.921596
3561	774	507	0.655039
3562	128	128	1
3563	1467	1285	0.875937
3567	331	43	0.129909
3570	826	81	0.098063
3571	168	24	0.142857
3572	154	154	1
3573	104	104	1
3575	868	868	1
3578	59	59	1
3581	2438	1046	0.42904
3586	203	203	1
3588	197	43	0.218274
3592	1000	492	0.492
3593	329	42	0.12766
3596	16303	1470	0.0901675
3598	18	18	1
3604	211	99	0.469194
3606	1091	1091	1
3608	1138	1138	1
3610	46	46	1
3613	737	737	1
3617	79	79	1
3622	1175	135	0.114894
3623	112	14	0.125
3624	1593	1057	0.663528
3625	1809	530	0.29298
3632	1629	150	0.092081
3633	20379	3075	0.150891
3634	136	136	1
3635	1993	322	0.161565
3638	3121	2776	0.889459
3639	2233	619	0.277206
3642	2253	2013	0.893475
3644	63	63	1
3649	25	25	1
3650	13	13	1
3655	22	22	1
3656	858	831	0.968531
3657	2138	1343	0.628157
3665	1544	182	0.117876
3668	387	387	1
3671	76	34	0.447368
3673	2131	2123	0.996246
3675	154	22	0.142857
3676	2044	224	0.109589
3677	553	553	1
3680	11913	1534	0.128767
3684	11802	1557	0.131927
3685	56	56	1
3686	521	521	1
3688	57	57	1
3689	1314	1314	1
3690	2478	806	0.325262
3693	4410	522	0.118367
3695	528	80	0.151515
3700	2398	1920	0.800667
3701	48	48	1
3702	654	612	0.93578
3703	109	37	0.33945
3706	328	41	0.125
3707	2335	268	0.114775
3708	766	115	0.150131
3709	3364	367	0.109096
3710	44	44	1
3711	6	2	0.333333
3712	226	34	0.150442
3714	1471	1047	0.711761
3715	631	631	1
3716	629	510	0.810811
3717	46	46	1
3719	2892	338	0.116874
3721	21768	3941	0.181046
3723	12914	2542	0.196841
3725	56	7	0.125
3726	33	33	1
3728	1390	176	0.126619
3732	276	276	1
3734	31	31	1
3737	2770	604	0.218051
3739	349	349	1
3740	1251	955	0.763389
3742	12	12	1
3747	28	28	1
3748	591	417	0.705584
3752	54	54	1
3753	3026	1963	0.648711
3754	378	60	0.15873
3756	1946	1525	0.783659
3760	197	197	1
3765	547	547	1
3766	274	54	0.19708
3768	167	22	0.131737
3769	2224	1533	0.689299
3771	17	17	1
3772	509	60	0.117878
3773	864	346	0.400463
3775	33	33	1
3776	543	543	1
3777	134	109	0.813433
3778	985	985	1
3782	176	44	0.25
3783	77	11	0.142857
3784	710	383	0.539437
3785	63	63	1
3786	371	119	0.320755
3787	354	354	1
3788	38	38	1
3789	320	208	0.65
3796	8622	1626	0.188587
3797	5	5	1
3798	124	124	1
3807	268	35	0.130597
3809	4706	433	0.0920102
3811	9261	1330	0.143613
3812	880	880	1
3816	19	19	1
3819	14	14	1
3822	4278	934	0.218326
3825	5620	1380	0.245552
3828	364	364	1
3831	70	10	0.142857
3834	184	51	0.277174
3838	3282	1226	0.373553
3839	39	39	1
3841	104	104	1
3848	56	8	0.142857
3852	3262	304	0.0931944
3855	3907	2827	0.723573
3858	234	234	1
3860	1842	211	0.114549
3863	12	12	1
3866	1025	153	0.149268
3868	3155	2517	0.797781
3871	7534	2988	0.396602
3875	610	610	1
3876	28	28	1
3878	869	654	0.752589
3879	33	33	1
3882	669	669	1
3886	154	22	0.142857
3887	142	142	1
3894	685	117	0.170803
3895	125	125	1
3898	55	55	1
3899	1251	1251	1
3900	266	48	0.180451
3903	1001	925	0.924076
3904	438	48	0.109589
3916	3482	422	0.121195
3917	2830	424	0.149823
3919	6457	784	0.121419
3920	8	3	0.375
3922	595	234	0.393277
3923	108	18	0.166667
3925	1028	680	0.661479
3927	9	9	1
3928	28	28	1
3930	591	324	0.548223
3931	1443	159	0.110187
3933	793	483	0.609079
3936	12579	2287	0.181811
3937	3463	1550	0.447589
3938	262	262	1
3942	901	661	0.733629
3943	1322	1040	0.786687
3948	761	546	0.717477
3951	53	53	1
3954	52	52	1
3957	4343	567	0.130555
3959	553	485	0.877034
3960	29135	2347	0.080556
3961	1629	272	0.166974
3962	41	41	1
3963	30	30	1
3967	546	546	1
3968	744	684	0.919355
3970	105	63	0.6
3972	4580	474	0.103493
3973	239	31	0.129707
3975	10904	1040	0.0953778
3976	633	68	0.107425
3977	10393	1566	0.150678
3980	14428	1941	0.13453
3982	80	10	0.125
3989	505	345	0.683168
3990	131	131	1
3993	201	201	1
3994	173	134	0.774566
3999	11948	1543	0.129143
4001	364	364	1
4005	219	219	1
4007	6241	2122	0.34001
4009	4374	2373	0.542524
4011	15	15	1
4012	186	186	1
4014	77	11	0.142857
4015	3355	927	0.276304
4016	8643	1601	0.185237
4017	318	240	0.754717
4021	220	27	0.122727
4022	483	483	1
4023	34	34	1
4025	4357	1075	0.246729
4027	13	13	1
4030	770	512	0.664935
4033	494	61	0.123482
4036	3079	2844	0.923677
4037	5183	2642	0.509743
4038	36	36	1
4039	2944	392	0.133152
4040	91	13	0.142857
4043	83	83	1
4044	403	403	1
4045	205	205	1
4046	240	30	0.125
4047	86	86	1
4049	2142	229	0.106909
4050	1530	128	0.0836601
4052	827	827	1
4053	6338	639	0.10082
4056	463	463	1
4058	1874	1874	1
4061	278	165	0.593525
4065	720	578	0.802778
4069	6507	580	0.0891348
4070	4975	1376	0.276583
4072	94	94	1
4073	397	397	1
4076	3891	346	0.0889232
4079	252	36	0.142857
4080	216	27	0.125
4081	9985	1407	0.140911
4084	21883	2245	0.102591
4085	14774	2119	0.143428
4086	152	19	0.125
4087	56	8	0.142857
4088	445	61	0.137079
4089	915	915	1
4091	11	11	1
4095	274	204	0.744526
4097	201	39	0.19403
4102	28	28	1
4106	20721	2757	0.133053
4107	444	52	0.117117
4108	3366	1517	0.450683
4109	656	614	0.935976
4110	37	37	1
4111	12	12	1
4112	29	29	1
4113	1866	200	0.107181
4114	293	293	1
4115	887	659	0.742954
4117	7802	919	0.11779
4118	188	188	1
4119	8005	1849	0.230981
4123	13750	1512	0.109964
4125	18	18	1
4128	13211	2012	0.152297
4132	334	334	1
4136	344	344	1
4138	122	16	0.131148
4139	114	114	1
4141	21	21	1
4143	526	315	0.598859
4147	72	72	1
4148	2137	2067	0.967244
4149	129	129	1
4150	2099	882	0.4202
4151	450	415	0.922222
4157	190	190	1
4158	31	31	1
4161	10444	951	0.0910571
4162	29	29	1
4163	217	217	1
4164	315	185	0.587302
4165	469	97	0.206823
4167	189	27	0.142857
4170	204	204	1
4172	2519	2519	1
4177	116	116	1
4178	5717	3612	0.6318
4181	6473	567	0.0875946
4182	28	4	0.142857
4185	391	319	0.815857
4189	2057	1839	0.89402
4191	6395	755	0.118061
4192	238	41	0.172269
4193	120	19	0.158333
4194	1693	1338	0.790313
4195	7829	710	0.0906885
4196	14951	1190	0.0795933
4197	92	29	0.315217
4198	608	75	0.123355
4202	18	18	1
4205	8	8	1
4206	296	170	0.574324
4207	34	34	1
4212	137	44	0.321168
4214	751	751	1
4215	215	215	1
4218	697	697	1
4219	133	19	0.142857
4220	1884	1293	0.686306
4221	1471	619	0.420802
4222	12416	1456	0.117268
4223	116	38	0.327586
4226	128	126	0.984375
4231	191	93	0.486911
4233	70	10	0.142857
4237	5107	2076	0.406501
4240	128	17	0.132812
4241	13390	1980	0.147872
4243	234	146	0.623932
4250	101	21	0.207921
4252	45	45	1
4257	1935	1617	0.835659
4262	547	227	0.414991
4263	564	68	0.120567
4266	413	57	0.138015
4267	648	109	0.16821
4268	56	8	0.142857
4269	91	13	0.142857
4271	149	149	1
4273	1508	1436	0.952255
4276	97	97	1
4282	74	74	1
4284	466	167	0.358369
4285	9560	1943	0.203243
4286	1488	1480	0.994624
4288	1142	179	0.156743
4290	327	44	0.134557
4292	2306	1976	0.856895
4293	2194	679	0.30948
4294	123	32	0.260163
4297	19	19	1
4302	66	10	0.151515
4307	3754	3299	0.878796
4308	102	102	1
4313	2104	1559	0.74097
4315	2409	2353	0.976754
4320	4308	2938	0.681987
4323	1497	672	0.448898
4324	31	31	1
4326	2745	1790	0.652095
4327	366	87	0.237705
4328	2428	1730	0.712521
4329	1038	1038	1
4330	8	8	1
4331	2361	2361	1
4332	79	13	0.164557
4333	38	38	1
4334	1241	253	0.203868
4335	477	64	0.134172
4336	12721	2097	0.164846
4339	16149	3325	0.205895
4340	1829	1829	1
4343	75	65	0.866667
4347	207	62	0.299517
4356	212	47	0.221698
4357	351	49	0.139601
4360	1473	1208	0.820095
4361	988	920	0.931174
4362	232	232	1
4364	10978	2037	0.185553
4365	104	13	0.125
4367	12	12	1
4369	1113	1113	1
4373	885	256	0.289266
4375	99	59	0.59596
4378	9	9	1
4382	1042	739	0.709213
4384	312	98	0.314103
4386	973	818	0.840699
4387	3387	2385	0.704163
4388	23	23	1
4399	84	12	0.142857
4401	1477	586	0.39675
4403	1320	183	0.138636
4410	50	50	1
4414	680	680	1
4415	112	35	0.3125
4416	55	19	0.345455
4422	9450	803	0.0849735
4425	271	35	0.129151
4427	132	132	1
4429	1183	1183	1
4430	8	2	0.25
4431	5921	798	0.134775
4432	105	51	0.485714
4435	601	538	0.895175
4436	921	123	0.13355
4441	20	20	1
4442	325	185	0.569231
4445	238	34	0.142857
4446	52	52	1
4447	97	97	1
4449	130	94	0.723077
4458	225	135	0.6
4460	513	513	1
4464	2280	378	0.165789
4466	171	68	0.397661
4469	251	251	1
4478	2747	2080	0.75719
4479	14851	1618	0.108949
4480	45	45	1
4482	30	30	1
4484	36	6	0.166667
4486	200	200	1
4488	518	518	1
4491	15	15	1
4492	21	21	1
4493	12419	1068	0.0859973
4494	585	585	1
4497	15	15	1
4499	617	289	0.468395
4500	822	108	0.131387
4501	1488	1488	1
4502	829	829	1
4503	2675	521	0.194766
4504	35	35	1
4506	178	178	1
4507	11332	1966	0.173491
4508	10296	3133	0.304293
4509	194	169	0.871134
4511	16810	2778	0.165259
4512	8816	1353	0.153471
4514	4575	872	0.190601
4515	1470	425	0.289116
4516	385	385	1
4519	10	10	1
4521	13935	2961	0.212487
4523	3237	3037	0.938214
4526	4041	525	0.129918
4527	352	44	0.125
4529	617	69	0.111831
4533	800	128	0.16
4535	877	653	0.744584
4536	1024	761	0.743164
4540	11594	1223	0.105486
4544	3106	2800	0.901481
4546	15964	3346	0.209597
4547	3151	900	0.285624
4548	10196	2309	0.226461
4549	2365	2225	0.940803
4551	1165	1165	1
4552	95	35	0.368421
4553	196	88	0.44898
4556	1279	1080	0.84441
4559	106	18	0.169811
4562	542	62	0.114391
4563	11	11	1
4564	522	453	0.867816
4566	20	4	0.2
4567	16	16	1
4569	915	915	1
4571	84	12	0.142857
4573	31	31	1
4574	10605	2685	0.253182
4581	6761	795	0.117586
4585	5302	1836	0.346284
4586	76	76	1
4587	5147	543	0.105498
4589	2257	1658	0.734603
4593	81	81	1
4594	425	57	0.134118
4596	5270	1498	0.28425
4599	3946	998	0.252914
4600	6745	688	0.102001
4604	80	10	0.125
4605	493	493	1
4606	18	18	1
4607	2000	1589	0.7945
4609	119	17	0.142857
4610	3710	683	0.184097
4611	5158	628	0.121753
4615	16858	2404	0.142603
4616	243	159	0.654321
4617	94	94	1
4618	49	49	1
4620	44	44	1
4621	335	43	0.128358
4622	224	224	1
4623	101	31	0.306931
4624	169	39	0.230769
4626	1072	133	0.124067
4627	144	22	0.152778
4628	889	829	0.932508
4630	4487	525	0.117005
4631	35	35	1
4633	2238	411	0.183646
4634	1171	1171	1
4636	103	25	0.242718
4638	104	104	1
4640	406	256	0.630542
4641	304	38	0.125
4643	217	31	0.142857
4647	206	158	0.76699
4650	4452	3265	0.733378
4651	2932	613	0.209072
4652	5365	763	0.142218
4653	7719	2807	0.363648
4654	679	192	0.282769
4656	7872	1477	0.187627
4657	987	987	1
4659	770	770	1
4662	2764	2122	0.767728
4665	221	221	1
4667	841	632	0.751486
4668	1332	746	0.56006
4670	324	79	0.243827
4673	2808	381	0.135684
4674	2665	2363	0.886679
4677	425	425	1
4679	1177	885	0.751912
4683	18934	2982	0.157494
4686	15225	1635	0.107389
4690	64	64	1
4693	10	2	0.2
4695	876	110	0.125571
4696	204	73	0.357843
4697	133	17	0.12782
4699	3442	401	0.116502
4700	38	38	1
4703	173	173	1
4709	117	75	0.641026
4712	37	37	1
4715	420	48	0.114286
4716	128	16	0.125
4717	585	74	0.126496
4720	166	166	1
4721	49	7	0.142857
4722	81	15	0.185185
4730	713	713	1
4732	180	96	0.533333
4733	98	14	0.142857
4734	477	58	0.121593
4737	8798	1553	0.176517
4739	1090	164	0.150459
4744	1828	1382	0.756018
4746	3447	1693	0.491152
4747	103	14	0.135922
4749	16	16	1
4751	12	12	1
4753	540	128	0.237037
4756	1413	1061	0.750885
4757	11	11	1
4761	304	40	0.131579
4763	5983	1212	0.202574
4765	29	29	1
4768	189	189	1
4774	190	190	1
4775	75	31	0.413333
4777	170	22	0.129412
4778	1713	1713	1
4779	4351	3884	0.892668
4782	1002	129	0.128743
4784	793	679	0.856242
4785	4788	592	0.123642
4786	118	18	0.152542
4787	287	287	1
4789	151	151	1
4791	4667	2651	0.568031
4794	79	54	0.683544
4797	201	40	0.199005
4803	505	505	1
4805	2764	423	0.153039
4806	6910	1880	0.272069
4808	34	34	1
4809	427	402	0.941452
4810	1474	521	0.35346
4812	7234	1119	0.154686
4815	1346	1346	1
4816	4551	521	0.11448
4818	71	71	1
4819	235	35	0.148936
4822	11	11	1
4823	144	18	0.125
4827	533	86	0.161351
4828	6216	1681	0.270431
4831	1376	160	0.116279
4833	17	17	1
4836	25	25	1
4837	73	73	1
4838	203	203	1
4839	379	49	0.129288
4840	436	172	0.394495
4842	1197	1035	0.864662
4843	72	22	0.305556
4845	5087	1213	0.238451
4846	873	873	1
4849	215	215	1
4851	332	332	1
4853	132	132	1
4854	41	41	1
4855	8425	1832	0.217448
4860	207	153	0.73913
4862	103	103	1
4868	1412	142	0.100567
4869	11	11	1
4871	10580	2453	0.231853
4872	1302	156	0.119816
4875	223	223	1
4877	3612	711	0.196844
4881	233	183	0.785408
4882	1391	556	0.399712
4883	318	41	0.128931
4887	980	980	1
4888	90	52	0.577778
4889	99	16	0.161616
4890	2405	298	0.123909
4891	182	26	0.142857
4892	4997	678	0.135681
4893	246	246	1
4894	381	93	0.244094
4895	218	218	1
4896	167	167	1
4897	58	56	0.965517
4898	357	357	1
4903	4565	745	0.163198
4908	745	95	0.127517
4909	161	23	0.142857
4913	466	65	0.139485
4914	293	293	1
4917	1482	1206	0.813765
4920	2009	282	0.140368
4922	1478	189	0.127876
4925	2425	2221	0.915876
4932	167	151	0.904192
4933	687	447	0.650655
4935	266	79	0.296992
4939	158	66	0.417722
4941	457	62	0.135667
4943	19	19	1
4945	1119	109	0.0974084
4949	30	30	1
4951	5182	968	0.1868
4952	1354	1354	1
4957	1055	1055	1
4958	31	31	1
4959	257	257	1
4961	541	89	0.16451
4966	16486	2523	0.153039
4967	4604	541	0.117507
4969	32	32	1
4971	56	8	0.142857
4972	213	43	0.201878
4973	79	79	1
4974	4922	565	0.114791
4975	174	55	0.316092
4976	9360	1269	0.135577
4977	237	237	1
4979	2053	1935	0.942523
4980	3153	400	0.126863
4982	510	322	0.631373
4983	1384	199	0.143786
4984	8	2	0.25
4993	154	154	1
4995	870	107	0.122989
4996	30	30	1
5000	131	66	0.503817
5002	682	82	0.120235
5003	840	840	1
5004	531	66	0.124294
5005	312	43	0.137821
5008	124	32	0.258065
5010	3267	2268	0.694215
5012	23	23	1
5014	1078	834	0.773655
5015	56	10	0.178571
5016	1037	184	0.177435
5017	160	20	0.125
5020	114	114	1
5021	837	548	0.654719
5022	21	21	1
5023	365	170	0.465753
5025	1542	176	0.114137
5027	804	804	1
5029	4774	3347	0.701089
5032	3828	798	0.208464
5034	245	32	0.130612
5035	112	112	1
5036	745	96	0.128859
5037	84	84	1
5041	2111	268	0.126954
5043	6975	557	0.0798566
5044	186	42	0.225806
5048	18502	2064	0.111556
5053	52	52	1
5056	35	35	1
5057	716	124	0.173184
5059	751	639	0.850866
5060	4968	691	0.13909
5061	112	14	0.125
5062	1723	299	0.173535
5063	143	143	1
5064	1488	1355	0.910618
5066	1939	1813	0.935018
5068	47	47	1
5069	228	42	0.184211
5071	53	53	1
5072	1636	187	0.114303
5076	105	15	0.142857
5078	1805	1523	0.843767
5079	328	44	0.134146
5080	8074	888	0.109983
5082	39	39	1
5083	32	32	1
5087	53	53	1
5090	216	216	1
5091	30	30	1
5092	10	2	0.2
5097	264	33	0.125
5104	1954	1580	0.808598
5110	1287	1036	0.804973
5113	41	41	1
5115	2177	1777	0.816261
5116	167	89	0.532934
5118	3537	381	0.107718
5119	56	7	0.125
5120	208	28	0.134615
5121	416	416	1
5128	98	98	1
5129	4962	1503	0.302902
5135	40	40	1
5136	110	110	1
5139	56	8	0.142857
5140	77	11	0.142857
5141	151	151	1
5142	1267	1068	0.842936
5146	6998	2219	0.317091
5148	1258	971	0.77186
5149	188	96	0.510638
5154	1490	1090	0.731544
5155	2085	216	0.103597
5156	305	109	0.357377
5158	432	179	0.414352
5159	1357	158	0.116433
5163	168	21	0.125
5164	22	22	1
5167	1245	430	0.345382
5169	136	17	0.125
5170	115	43	0.373913
5171	857	673	0.785298
5174	152	19	0.125
5176	626	83	0.132588
5177	20	20	1
5182	3010	2812	0.934219
5184	1513	1513	1
5186	1183	991	0.837701
5189	774	774	1
5191	1671	1184	0.708558
5195	347	200	0.576369
5198	305	38	0.12459
5202	889	889	1
5208	11	11	1
5210	775	370	0.477419
5211	170	32	0.188235
5213	3482	1175	0.33745
5219	547	547	1
5225	21	21	1
5228	33	33	1
5229	238	30	0.12605
5230	238	238	1
5231	134	134	1
5232	12	12	1
5233	252	36	0.142857
5235	188	66	0.351064
5236	564	203	0.359929
5239	155	155	1
5240	58	10	0.172414
5241	1449	1213	0.837129
5242	1850	1006	0.543784
5243	353	281	0.796034
5245	28	28	1
5253	241	211	0.875519
5254	2664	2597	0.97485
5259	7219	902	0.124948
5261	175	25	0.142857
5263	58	58	1
5264	716	572	0.798883
5266	103	55	0.533981
5267	757	103	0.136063
5269	122	122	1
5270	3475	468	0.134676
5273	33	33	1
5277	8739	1295	0.148186
5279	2278	1266	0.555751
5280	2312	1434	0.620242
5281	13	13	1
5285	1163	714	0.613929
5287	12331	1836	0.148893
5290	558	480	0.860215
5291	498	46	0.0923695
5293	234	234	1
5295	10	10	1
5296	7274	803	0.110393
5298	49	49	1
5300	2334	1565	0.670523
5302	196	196	1
5303	2221	2221	1
5307	33	33	1
5309	48	48	1
5314	1960	259	0.132143
5315	105	15	0.142857
5316	314	64	0.203822
5317	380	50	0.131579
5319	52	52	1
5322	132	17	0.128788
5324	243	243	1
5327	236	91	0.385593
5328	98	14	0.142857
5330	30	30	1
5332	48	44	0.916667
5333	312	312	1
5337	171	24	0.140351
5338	6149	757	0.123109
5339	437	74	0.169336
5340	56	56	1
5341	203	29	0.142857
5342	242	242	1
5343	4314	4090	0.948076
5345	907	123	0.135612
5347	2617	298	0.113871
5348	2422	2131	0.879851
5349	14	14	1
5354	1068	327	0.30618
5356	134	44	0.328358
5360	40	40	1
5361	4021	514	0.127829
5362	12	12	1
5364	88	88	1
5365	189	61	0.322751
5367	240	30	0.125
5371	2523	298	0.118113
5376	277	277	1
5379	104	13	0.125
5380	306	164	0.535948
5382	952	123	0.129202
5385	119	17	0.142857
5388	206	28	0.135922
5389	855	851	0.995322
5390	2398	1989	0.829441
5392	493	493	1
5405	1556	225	0.144602
5409	9293	1264	0.136016
5412	11077	1512	0.136499
5413	507	507	1
5414	502	423	0.842629
5419	3392	350	0.103184
5421	1184	602	0.508446
5422	1284	171	0.133178
5423	3903	3732	0.956188
5424	603	91	0.150912
5426	215	33	0.153488
5427	3712	609	0.164062
5431	3267	1504	0.460361
5434	55	55	1
5435	135	135	1
5437	125	59	0.472
5441	143	143	1
5443	747	221	0.29585
5445	281	281	1
5448	224	74	0.330357
5449	1145	122	0.10655
5454	154	22	0.142857
5457	614	105	0.17101
5461	228	53	0.232456
5466	376	376	1
5467	256	256	1
5470	29573	2219	0.0750347
5471	492	492	1
5472	1794	205	0.11427
5473	1655	241	0.145619
5476	313	35	0.111821
5480	1980	490	0.247475
5481	7122	1621	0.227605
5482	83	83	1
5488	28	28	1
5491	766	766	1
5492	47	47	1
5493	104	32	0.307692
5494	222	60	0.27027
5498	14079	2013	0.142979
5505	510	123	0.241176
5506	295	39	0.132203
5511	19	19	1
5517	1432	163	0.113827
5520	26	26	1
5524	504	63	0.125
5527	144	39	0.270833
5529	156	23	0.147436
5530	514	401	0.780156
5531	272	74	0.272059
5532	6893	1350	0.195851
5536	117	28	0.239316
5537	638	80	0.125392
5538	16	16	1
5540	4086	2243	0.548948
5542	343	49	0.142857
5543	77	11	0.142857
5544	619	619	1
5546	7066	546	0.0772714
5547	1076	1076	1
5549	85	85	1
5551	130	53	0.407692
5555	1269	1269	1
5556	1002	721	0.719561
5558	418	86	0.205742
5560	307	35	0.114007
5561	60	60	1
5563	240	177	0.7375
5564	6925	2471	0.356823
5568	832	512	0.615385
5569	579	579	1
5571	3361	2849	0.847664
5574	3292	901	0.273694
5578	476	476	1
5579	10006	2249	0.224765
5581	1826	214	0.117196
5583	315	315	1
5584	698	698	1
5586	808	731	0.904703
5587	14	14	1
5590	35	35	1
5592	9812	1353	0.137892
5595	1188	877	0.738215
5596	209	209	1
5598	1391	1310	0.941769
5607	44	44	1
5613	742	742	1
5615	10120	1972	0.194862
5616	63	9	0.142857
5619	408	86	0.210784
5620	26	26	1
5626	47	47	1
5627	4619	1166	0.252436
5628	188	28	0.148936
5631	97	97	1
5633	37	37	1
5635	102	102	1
5639	88	11	0.125
5644	2016	1686	0.83631
5647	135	135	1
5648	2	2	1
5652	285	219	0.768421
5653	38	38	1
5654	837	108	0.129032
5655	84	12	0.142857
5658	2029	555	0.273534
5659	11	11	1
5666	1631	193	0.118332
5671	493	77	0.156187
5673	314	314	1
5675	2764	324	0.117221
5678	224	28	0.125
5680	19	11	0.578947
5681	1491	179	0.120054
5682	4697	1040	0.221418
5683	4056	525	0.129438
5693	84	84	1
5695	43	43	1
5696	1242	1242	1
5697	6280	1279	0.203662
5698	2705	2305	0.852126
5702	21	21	1
5704	149	72	0.483221
5706	117	117	1
5707	14	14	1
5709	504	504	1
5711	4459	1940	0.435075
5715	6974	1437	0.206051
5721	74	55	0.743243
5722	58	58	1
5724	1149	1149	1
5725	194	194	1
5727	12776	2028	0.158735
5728	1804	1779	0.986142
5729	857	657	0.766628
5730	2771	319	0.115121
5732	27479	3432	0.124895
5735	623	623	1
5736	23958	2718	0.113449
5739	1745	1301	0.745559
5740	650	643	0.989231
5743	2374	2374	1
5744	63	63	1
5745	22496	2403	0.106819
5747	89	89	1
5749	22	22	1
5751	405	54	0.133333
5752	262	33	0.125954
5753	9938	2179	0.219259
5759	89	89	1
5760	1945	1875	0.96401
5762	15	15	1
5764	97	97	1
5765	7675	1358	0.176938
5766	428	356	0.831776
5767	2045	1863	0.911002
5768	252	252	1
5769	230	161	0.7
5772	3824	1412	0.369247
5773	1031	1031	1
5776	3480	3115	0.895115
5777	4256	1342	0.31532
5778	1892	1747	0.923362
5779	4587	435	0.0948332
5783	59	59	1
5786	17	17	1
5792	191	26	0.136126
5793	10171	2110	0.207453
5795	307	307	1
5803	236	32	0.135593
5804	386	386	1
5806	520	387	0.744231
5807	277	277	1
5808	25922	1497	0.0577502
5813	736	736	1
5817	826	787	0.952785
5818	3004	701	0.233356
5821	313	70	0.223642
5822	387	47	0.121447
5826	614	525	0.855049
5827	189	28	0.148148
5834	1717	435	0.253349
5837	112	16	0.142857
5839	512	371	0.724609
5841	1625	170	0.104615
5843	501	302	0.602794
5846	1322	1182	0.8941
5848	1214	1102	0.907743
5849	747	88	0.117805
5852	268	268	1
5854	7928	1573	0.198411
5855	126	126	1
5862	441	441	1
5869	15704	2766	0.176133
5871	5	5	1
5874	43	43	1
5875	2158	1678	0.777572
5878	446	446	1
5882	2399	573	0.23885
5883	1098	876	0.797814
5892	88	11	0.125
5893	3461	395	0.114129
5896	469	84	0.179104
5899	1361	1185	0.870683
5900	767	433	0.564537
5901	107	107	1
5904	14	14	1
5905	65	65	1
5907	7	7	1
5909	167	86	0.51497
5910	109	28	0.256881
5911	11	11	1
5912	989	364	0.368049
5917	3878	487	0.12558
5923	1671	568	0.339916
5924	64	64	1
5926	150	150	1
5931	54	54	1
5933	286	30	0.104895
5934	612	272	0.444444
5935	1109	912	0.822362
5936	59	26	0.440678
5938	63	9	0.142857
5939	30	30	1
5940	279	31	0.111111
5942	794	794	1
5944	66	66	1
5945	202	202	1
5946	301	47	0.156146
5947	1822	1822	1
5952	782	782	1
5953	19	19	1
5954	2477	285	0.115059
5955	7776	2618	0.336677
5962	272	34	0.125
5964	45	45	1
5967	43	43	1
5968	3696	3302	0.893398
5970	189	32	0.169312
5973	38	38	1
5975	3446	1410	0.40917
5978	77	11	0.142857
5986	158	20	0.126582
5987	31	31	1
5989	288	133	0.461806
5991	87	87	1
5993	70	25	0.357143
5997	40	40	1
6001	184	23	0.125
6002	1441	178	0.123525
6003	1226	1226	1
6005	161	89	0.552795
6006	281	37	0.131673
6007	591	328	0.554992
6008	304	38	0.125
6009	82	82	1
6011	19	19	1
6012	15	15	1
6014	245	245	1
6015	12	12	1
6017	3559	2008	0.564203
6020	70	10	0.142857
6024	476	65	0.136555
6028	96	70	0.729167
6031	493	493	1
6032	14658	2608	0.177923
6033	77	11	0.142857
6035	5514	1040	0.188611
6037	95	95	1
6040	25795	3831	0.148517
6042	578	123	0.212803
6043	22	22	1
6044	451	451	1
6046	1007	910	0.903674
6049	586	110	0.187713
6050	68	68	1
6055	1603	938	0.585153
6058	195	195	1
6059	732	732	1
6060	7925	2563	0.323407
6062	280	41	0.146429
6063	174	76	0.436782
6066	7026	1557	0.221605
6067	659	469	0.711684
6068	1443	1345	0.932086
6070	4936	897	0.181726
6071	152	19	0.125
6072	3348	629	0.187873
6075	530	259	0.488679
6076	810	75	0.0925926
6080	304	38	0.125
6086	3060	3052	0.997386
6087	400	60	0.15
6088	18267	1549	0.0847977
6089	16751	3073	0.183452
6091	11793	2777	0.235479
6098	98	14	0.142857
6101	11	11	1
6103	1297	731	0.563608
6104	319	49	0.153605
6106	1519	1309	0.861751
6107	349	87	0.249284
6108	360	106	0.294444
6109	13451	2009	0.149357
6110	14	14	1
6113	71	46	0.647887
6115	2163	1964	0.907998
6117	47	45	0.957447
6118	540	83	0.153704
6119	634	113	0.178233
6122	191	191	1
6126	8621	1010	0.117156
6128	1168	1168	1
6129	1879	298	0.158595
6130	2449	1350	0.551245
6133	56	56	1
6134	377	76	0.201592
6136	276	276	1
6137	48	8	0.166667
6138	22	22	1
6143	1059	169	0.159585
6144	146	146	1
6147	835	835	1
6151	3521	367	0.104232
6152	1081	986	0.912118
6153	136	20	0.147059
6154	166	22	0.13253
6155	48	48	1
6156	7640	3347	0.438089
6165	130	130	1
6167	8826	958	0.108543
6169	70	70	1
6172	415	138	0.33253
6177	7637	1167	0.152809
6178	3998	469	0.117309
6180	764	110	0.143979
6181	4117	508	0.123391
6182	311	263	0.845659
6185	387	387	1
6187	1455	1455	1
6189	510	510	1
6190	144	18	0.125
6195	196	40	0.204082
6196	11	11	1
6204	120	120	1
6209	16	16	1
6213	5750	669	0.116348
6215	297	267	0.89899
6217	10599	2927	0.276158
6221	1086	111	0.10221
6224	315	35	0.111111
6225	49	7	0.142857
6226	19	19	1
6227	931	773	0.83029
6229	1686	1018	0.603796
6230	686	686	1
6231	815	815	1
6232	2239	1952	0.871818
6234	754	104	0.137931
6237	12	12	1
6238	91	91	1
6240	21457	2929	0.136506
6241	3688	3000	0.813449
6242	3953	3483	0.881103
6243	56	56	1
6249	7	7	1
6250	1573	1570	0.998093
6251	24	24	1
6252	1979	1973	0.996968
6253	983	648	0.659207
6256	107	107	1
6258	1364	1342	0.983871
6259	3407	3098	0.909304
6260	1215	146	0.120165
6261	175	89	0.508571
6264	6824	729	0.106829
6267	1872	1428	0.762821
6268	516	516	1
6269	994	980	0.985915
6283	3703	458	0.123683
6284	170	65	0.382353
6287	95	15	0.157895
6288	10	10	1
6291	2822	2159	0.76506
6292	769	739	0.960988
6294	97	97	1
6295	337	337	1
6296	134	134	1
6299	155	41	0.264516
6300	208	26	0.125
6302	2290	510	0.222707
6303	137	34	0.248175
6304	2877	2786	0.96837
6305	163	25	0.153374
6308	1186	948	0.799325
6310	133	19	0.142857
6311	126	18	0.142857
6312	2081	263	0.126382
6314	7153	1847	0.258213
6318	736	444	0.603261
6319	490	406	0.828571
6324	8	4	0.5
6325	6118	1422	0.232429
6326	5454	1803	0.330583
6327	60	60	1
6332	208	208	1
6333	1528	1504	0.984293
6335	1596	1343	0.841479
6336	539	72	0.133581
6337	7695	883	0.11475
6339	3261	2625	0.804968
6340	723	711	0.983402
6345	21	21	1
6348	4365	368	0.084307
6349	1068	147	0.13764
6352	31	31	1
6353	610	470	0.770492
6354	78	78	1
6357	2449	338	0.138016
6360	13	13	1
6361	367	352	0.959128
6362	3049	2887	0.946868
6364	6735	1179	0.175056
6367	261	29	0.111111
6369	2170	1426	0.657143
6370	2263	226	0.0998674
6372	441	75	0.170068
6375	3	3	1
6380	97	64	0.659794
6381	189	135	0.714286
6382	43	43	1
6383	219	39	0.178082
6389	168	21	0.125
6390	18	18	1
6392	80	14	0.175
6393	1401	1387	0.990007
6394	96	12	0.125
6395	3537	3111	0.879559
6396	7069	599	0.0847362
6398	214	58	0.271028
6399	2102	384	0.182683
6402	269	54	0.200743
6403	21	21	1
6408	141	59	0.41844
6409	4824	2941	0.60966
6412	2001	1845	0.922039
6417	183	111	0.606557
6420	2860	348	0.121678
6422	887	615	0.693348
6424	11073	1033	0.09329
6425	1240	516	0.416129
6427	782	102	0.130435
6429	98	98	1
6431	239	239	1
6432	392	52	0.132653
6433	2356	2242	0.951613
6434	18039	2838	0.157326
6435	2676	2676	1
6436	3072	2190	0.712891
6437	1718	1549	0.90163
6443	214	88	0.411215
6444	18	18	1
6446	2002	1617	0.807692
6448	42	42	1
6449	4613	336	0.0728376
6451	958	958	1
6453	3801	368	0.0968166
6455	577	577	1
6460	34	34	1
6461	186	137	0.736559
6463	2766	354	0.127983
6465	163	30	0.184049
6467	25	25	1
6468	11910	4197	0.352393
6470	88	11	0.125
6471	7	7	1
6472	8951	2298	0.256731
6474	967	113	0.116856
6475	54	34	0.62963
6476	3855	2042	0.529702
6477	933	933	1
6478	626	549	0.876997
6480	1821	214	0.117518
6483	1104	938	0.849638
6486	49	49	1
6489	7	7	1
6490	1245	843	0.677108
6493	3202	2875	0.897876
6494	1336	726	0.543413
6495	8230	834	0.101337
6498	4846	799	0.164878
6499	486	486	1
6501	54	52	0.962963
6502	15	15	1
6505	597	597	1
6507	1433	173	0.120726
6509	6902	2274	0.32947
6517	69	69	1
6522	44	44	1
6523	552	348	0.630435
6524	113	41	0.362832
6525	17	17	1
6527	1394	1394	1
6528	176	176	1
6529	105	105	1
6530	6279	2592	0.412805
6532	294	294	1
6534	786	700	0.890585
6535	3243	405	0.124884
6536	602	602	1
6539	1224	1224	1
6540	704	704	1
6547	212	28	0.132075
6548	5143	556	0.108108
6550	6684	3286	0.491622
6557	729	540	0.740741
6558	81	81	1
6561	198	25	0.126263
6565	292	292	1
6567	42	42	1
6569	262	262	1
6570	46	46	1
6571	2090	1779	0.851196
6572	459	53	0.115468
6573	1411	391	0.277108
6574	255	36	0.141176
6576	1497	994	0.663995
6579	63	63	1
6581	34202	2239	0.065464
6583	22379	2560	0.114393
6591	873	359	0.411226
6597	15	15	1
6600	582	61	0.104811
6601	4368	817	0.187042
6603	3053	310	0.101539
6604	123	123	1
6605	1168	369	0.315925
6608	47	47	1
6610	11296	1469	0.130046
6612	28	28	1
6613	18	18	1
6614	389	389	1
6616	1491	1414	0.948357
6617	133	37	0.278195
6621	11	11	1
6622	914	914	1
6627	7217	1578	0.21865
6630	7335	2486	0.338923
6631	140	85	0.607143
6633	216	24	0.111111
6635	2859	328	0.114725
6636	26	26	1
6638	70	70	1
6639	393	47	0.119593
6641	308	22	0.0714286
6643	278	52	0.18705
6644	5572	1028	0.184494
6648	1205	131	0.108714
6649	150	31	0.206667
6652	1549	194	0.125242
6653	47	47	1
6654	2375	2216	0.933053
6660	328	328	1
6666	108	108	1
6667	75	75	1
6668	1292	1175	0.909443
6670	2283	288	0.12615
6671	2297	1645	0.716152
6673	435	293	0.673563
6678	608	319	0.524671
6679	14	14	1
6680	6	6	1
6681	474	474	1
6682	14	14	1
6684	34	34	1
6686	297	297	1
6690	2961	1411	0.476528
6691	112	18	0.160714
6692	308	98	0.318182
6694	6550	1089	0.16626
6697	1781	955	0.536216
6701	17	17	1
6702	232	32	0.137931
6703	157	85	0.541401
6704	8	8	1
6705	12635	2664	0.210843
6709	1207	1207	1
6713	106	92	0.867925
6718	15	3	0.2
6719	447	272	0.608501
6720	2007	1655	0.824614
6721	225	25	0.111111
6725	15	3	0.2
6729	138	138	1
6731	4351	1230	0.282694
6734	328	45	0.137195
6735	26954	3306	0.122653
6737	337	337	1
6738	263	263	1
6740	4	2	0.5
6741	10252	1116	0.108857
6742	4187	1024	0.244567
6744	322	46	0.142857
6746	840	96	0.114286
6749	723	723	1
6753	84	12	0.142857
6756	3538	376	0.106275
6757	1084	1052	0.97048
6758	2822	499	0.176825
6759	520	149	0.286538
6760	9878	1858	0.188095
6767	392	52	0.132653
6768	167	167	1
6770	918	876	0.954248
6777	823	823	1
6781	1680	218	0.129762
6784	628	330	0.525478
6785	431	157	0.364269
6788	115	115	1
6789	338	338	1
6791	5086	1751	0.344278
6792	9	9	1
6793	4148	2860	0.689489
6794	151	23	0.152318
6795	318	132	0.415094
6796	9939	1421	0.142972
6797	141	141	1
6798	276	131	0.474638
6800	600	600	1
6804	160	20	0.125
6805	124	124	1
6807	120	15	0.125
6814	2126	286	0.134525
6815	223	29	0.130045
6816	915	103	0.112568
6818	168	21	0.125
6821	242	242	1
6823	15	15	1
6830	47	47	1
6833	23	23	1
6834	34	34	1
6835	309	56	0.18123
6838	2381	696	0.292314
6839	10	10	1
6840	144	18	0.125
6846	70	10	0.142857
6847	108	108	1
6848	178	37	0.207865
6850	432	432	1
6854	14788	2407	0.162767
6856	123	63	0.512195
6858	497	477	0.959759
6863	206	28	0.135922
6865	357	70	0.196078
6866	10	10	1
6869	104	24	0.230769
6870	302	41	0.135762
6871	316	250	0.791139
6874	694	617	0.889049
6875	259	259	1
6877	284	284	1
6878	1249	834	0.667734
6880	2545	220	0.086444
6883	890	645	0.724719
6884	98	14	0.142857
6889	180	180	1
6890	393	99	0.251908
6891	1858	1495	0.804629
6893	272	272	1
6896	459	429	0.934641
6897	202	41	0.20297
6900	5769	560	0.0970705
6904	4780	1193	0.249582
6905	240	30	0.125
6906	381	381	1
6908	456	456	1
6911	3571	436	0.122095
6912	88	11	0.125
6916	1374	1313	0.955604
6917	8177	1521	0.18601
6918	35	35	1
6920	56	8	0.142857
6922	301	256	0.850498
6925	68	36	0.529412
6927	337	58	0.172107
6928	426	122	0.286385
6929	1399	588	0.4203
6931	3318	2880	0.867993
6934	1934	1860	0.961737
6937	757	757	1
6939	4038	327	0.0809807
6940	192	115	0.598958
6944	1136	1136	1
6947	252	252	1
6950	94	94	1
6953	17860	2949	0.165118
6955	3647	969	0.265698
6957	210	210	1
6958	129	80	0.620155
6959	3	3	1
6961	64	8	0.125
6962	1664	1664	1
6963	27	27	1
6965	384	74	0.192708
6968	2041	393	0.192553
6972	73	72	0.986301
6973	909	115	0.126513
6974	213	33	0.15493
6976	1160	1109	0.956034
6977	730	730	1
6982	6952	2088	0.300345
6984	56	56	1
6986	36	36	1
6989	573	283	0.493892
6990	81	81	1
6993	253	37	0.146245
6994	277	39	0.140794
6995	2838	1662	0.585624
6996	8860	1094	0.123476
6997	819	115	0.140415
7000	787	133	0.168996
7004	371	371	1
7006	157	101	0.643312
7009	2320	917	0.395259
7012	231	231	1
7013	436	116	0.266055
7016	13	13	1
7018	373	289	0.774799
7024	17	17	1
7025	10794	1748	0.161942
7027	26	26	1
7028	30	5	0.166667
7029	133	31	0.233083
7031	3970	2495	0.628463
7033	2612	2395	0.916922
7036	112	14	0.125
7037	31	31	1
7039	49	49	1
7040	296	37	0.125
7041	98	98	1
7046	496	71	0.143145
7049	417	417	1
7050	256	256	1
7052	418	404	0.966507
7055	35	35	1
7056	2731	1999	0.731966
7058	3299	409	0.123977
7059	325	59	0.181538
7062	91	91	1
7066	292	33	0.113014
7067	167	167	1
7068	114	22	0.192982
7069	815	691	0.847853
7071	575	75	0.130435
7072	5450	1247	0.228807
7073	740	740	1
7074	84	56	0.666667
7075	861	112	0.130081
7077	6244	1379	0.220852
7078	168	28	0.166667
7079	912	150	0.164474
7080	128	20	0.15625
7083	343	343	1
7085	54	54	1
7087	314	42	0.133758
7088	652	487	0.746933
7091	2044	1393	0.681507
7092	16492	1480	0.0897405
7093	94	84	0.893617
7094	24	4	0.166667
7096	264	264	1
7100	17	17	1
7102	3902	375	0.0961046
7103	85	85	1
7104	705	154	0.21844
7105	55	55	1
7107	28	28	1
7108	2961	237	0.0800405
7113	14281	2872	0.201106
7116	20127	3497	0.173747
7117	60	60	1
7119	2031	1556	0.766125
7121	56	28	0.5
7123	154	22	0.142857
7128	126	19	0.150794
7129	329	156	0.474164
7132	42	42	1
7140	6624	883	0.133303
7141	2	2	1
7142	499	499	1
7143	2464	2289	0.928977
7145	4269	1400	0.327946
7148	272	36	0.132353
7150	239	92	0.384937
7152	168	24	0.142857
7153	86	86	1
7154	1547	224	0.144796
7156	4293	2273	0.529467
7159	384	148	0.385417
7160	166	166	1
7162	10185	1365	0.134021
7163	39	39	1
7168	1981	1589	0.80212
7169	3418	323	0.0944997
7174	35	35	1
7177	1207	857	0.710025
7185	1432	1030	0.719274
7188	138	48	0.347826
7191	7215	2170	0.300762
7192	22	12	0.545455
7194	126	18	0.142857
7195	275	203	0.738182
7196	4757	444	0.0933361
7197	7459	701	0.0939804
7199	408	49	0.120098
7201	189	27	0.142857
7202	367	367	1
7208	14	14	1
7209	612	105	0.171569
7212	62	62	1
7213	842	111	0.131829
7214	57	57	1
7220	270	50	0.185185
7224	353	164	0.464589
7226	676	152	0.224852
7227	30	30	1
7228	59	23	0.389831
7229	173	40	0.231214
7230	231	33	0.142857
7231	152	152	1
7233	525	230	0.438095
7234	156	156	1
7235	25	25	1
7238	126	18	0.142857
7241	312	39	0.125
7242	196	27	0.137755
7243	5913	662	0.111957
7244	3028	1978	0.653236
7246	275	49	0.178182
7250	273	52	0.190476
7251	130	30	0.230769
7253	20	20	1
7255	761	98	0.128778
7258	18	18	1
7263	124	124	1
7264	63	63	1
7265	2331	280	0.12012
7266	33	33	1
7268	562	562	1
7270	940	183	0.194681
7271	887	239	0.269448
7272	6794	1996	0.293789
7273	410	308	0.75122
7274	146	36	0.246575
7276	196	28	0.142857
7280	547	64	0.117002
7281	6282	1479	0.235435
7282	138	90	0.652174
7283	68	26	0.382353
7286	6645	1564	0.235365
7287	132	19	0.143939
7288	1842	1542	0.837134
7292	20233	2285	0.112934
7295	4020	1729	0.4301
7296	3355	3355	1
7302	174	43	0.247126
7303	64	22	0.34375
7304	409	385	0.94132
7309	571	81	0.141856
7310	212	42	0.198113
7311	1520	661	0.434868
7312	808	808	1
7314	591	266	0.450085
7316	129	83	0.643411
7317	429	304	0.708625
7321	14	14	1
7327	123	123	1
7330	417	110	0.263789
7331	10818	1877	0.173507
7332	422	235	0.556872
7334	2	2	1
7335	792	744	0.939394
7338	5128	576	0.112324
7339	238	34	0.142857
7341	1620	1244	0.767901
7343	93	41	0.44086
7344	140	19	0.135714
7346	3126	881	0.28183
7347	3859	3631	0.940917
7350	2583	501	0.193961
7351	75	75	1
7355	863	122	0.141367
7357	44	44	1
7359	182	26	0.142857
7360	106	106	1
7362	339	181	0.533923
7363	746	64	0.0857909
7367	388	388	1
7371	89	47	0.52809
7374	179	179	1
7380	70	10	0.142857
7381	560	124	0.221429
7382	92	44	0.478261
7383	913	787	0.861993
7384	711	84	0.118143
7385	320	98	0.30625
7389	77	11	0.142857
7392	352	44	0.125
7395	2861	345	0.120587
7396	577	68	0.117851
7398	176	26	0.147727
7401	96	96	1
7409	357	46	0.128852
7412	120	120	1
7413	120	15	0.125
7414	15475	3013	0.194701
7416	126	18	0.142857
7417	19	19	1
7420	6	6	1
7421	3646	3500	0.959956
7422	140	23	0.164286
7425	91	13	0.142857
7429	849	502	0.591284
7431	2931	1596	0.544524
7432	22	22	1
7436	3821	3611	0.945041
7439	176	22	0.125
7440	36	36	1
7441	189	27	0.142857
7442	23	23	1
7444	98	98	1
7446	839	839	1
7448	332	80	0.240964
7451	50	50	1
7452	8084	1302	0.161059
7453	19006	4058	0.213512
7457	413	361	0.874092
7458	93	21	0.225806
7460	511	511	1
7461	23928	2011	0.0840438
7462	890	129	0.144944
7466	452	422	0.933628
7468	1103	1103	1
7472	304	132	0.434211
7473	588	434	0.738095
7477	39	39	1
7481	479	228	0.475992
7483	69	69	1
7486	123	89	0.723577
7487	949	885	0.932561
7488	5179	740	0.142885
7494	521	70	0.134357
7497	4330	741	0.171132
7499	449	449	1
7500	14	14	1
7501	147	147	1
7502	19626	1488	0.0758178
7507	117	17	0.145299
7510	339	307	0.905605
7513	192	192	1
7515	521	154	0.295585
7519	10	10	1
7522	61	61	1
7523	48	48	1
7524	80	80	1
7525	114	114	1
7526	252	36	0.142857
7528	77	11	0.142857
7534	108	108	1
7535	3606	398	0.110372
7538	88	11	0.125
7541	47	47	1
7546	69	69	1
7549	199	26	0.130653
7552	59	59	1
7553	184	26	0.141304
7555	911	791	0.868277
7557	25	25	1
7559	1935	1783	0.921447
7562	368	255	0.692935
7563	1342	225	0.16766
7564	8101	718	0.088631
7567	4165	2222	0.533493
7570	2306	1389	0.602342
7573	155	83	0.535484
7574	1011	650	0.642928
7575	833	543	0.651861
7577	68	68	1
7580	271	47	0.173432
7583	147	21	0.142857
7585	101	44	0.435644
7587	9786	2046	0.209074
7589	23	23	1
7591	1331	897	0.673929
7592	426	426	1
7595	146	19	0.130137
7599	8840	999	0.113009
7601	458	58	0.126638
7602	512	512	1
7604	313	277	0.884984
7606	176	22	0.125
7618	12240	1797	0.146814
7622	3411	278	0.081501
7623	1308	1182	0.90367
7631	1472	1472	1
7632	44	44	1
7633	7661	875	0.114215
7634	1125	1125	1
7635	200	56	0.28
7638	53	53	1
7647	55	55	1
7651	208	152	0.730769
7652	5626	1440	0.255954
7657	627	358	0.570973
7658	4321	967	0.223791
7660	1453	1323	0.91053
7663	43	43	1
7666	935	616	0.658824
7674	198	48	0.242424
7675	1429	1429	1
7676	487	487	1
7678	546	546	1
7679	202	51	0.252475
7683	15	15	1
7684	3192	3101	0.971491
7685	1019	1019	1
7686	2490	2490	1
7688	301	227	0.754153
7690	106	106	1
7691	1000	166	0.166
7692	122	122	1
7693	883	883	1
7694	56	56	1
7695	730	87	0.119178
7696	4976	416	0.0836013
7697	380	55	0.144737
7698	99	33	0.333333
7699	513	67	0.130604
7700	3215	1698	0.528149
7701	5544	843	0.152056
7703	67	67	1
7707	800	181	0.22625
7709	1304	154	0.118098
7711	12587	2717	0.215858
7715	2031	1531	0.753816
7717	12	12	1
7718	256	32	0.125
7719	152	20	0.131579
7720	2922	314	0.107461
7721	395	55	0.139241
7723	10222	1493	0.146058
7725	336	336	1
7728	3523	2016	0.57224
7731	478	64	0.133891
7732	292	97	0.332192
7735	1031	1031	1
7737	75	75	1
7738	33	33	1
7739	40	40	1
7740	192	120	0.625
7744	6534	839	0.128405
7747	250	77	0.308
7751	47	47	1
7752	239	221	0.924686
7753	5270	623	0.118216
7754	2851	1484	0.520519
7755	2088	339	0.162356
7757	14511	1284	0.0884846
7763	1708	1630	0.954333
7764	203	65	0.320197
7765	1026	563	0.548733
7766	60	10	0.166667
7768	143	83	0.58042
7769	1071	603	0.563025
7770	942	123	0.130573
7771	252	168	0.666667
7772	233	233	1
7773	9664	1197	0.123862
7776	191	155	0.811518
7778	1663	1645	0.989176
7779	495	57	0.115152
7782	561	470	0.83779
7783	7202	1799	0.249792
7785	147	49	0.333333
7786	787	573	0.728081
7789	2310	1966	0.851082
7791	23	23	1
7792	552	552	1
7794	20	20	1
7795	210	30	0.142857
7796	121	121	1
7799	894	816	0.912752
7801	41	41	1
7802	2788	678	0.243185
7803	437	55	0.125858
7804	41770	4036	0.0966244
7806	42	42	1
7807	212	37	0.174528
7809	1154	814	0.705373
7812	480	60	0.125
7813	857	157	0.183197
7814	399	399	1
7815	349	289	0.82808
7816	8816	1967	0.223117
7817	152	30	0.197368
7819	27	27	1
7820	18625	1958	0.105128
7823	538	70	0.130112
7826	813	813	1
7828	24	24	1
7829	13761	3084	0.224112
7830	209	28	0.133971
7831	411	79	0.192214
7832	941	489	0.51966
7833	1346	153	0.11367
7834	1396	1247	0.893266
7836	6332	524	0.0827543
7837	38	38	1
7838	43	43	1
7840	2389	278	0.116367
7843	2943	2773	0.942236
7847	518	462	0.891892
7848	1258	134	0.106518
7849	294	42	0.142857
7851	742	487	0.656334
7852	318	318	1
7857	2194	1971	0.898359
7858	442	442	1
7859	167	65	0.389222
7867	153	153	1
7868	1314	600	0.456621
7871	187	28	0.149733
7872	205	112	0.546341
7873	321	321	1
7875	34409	2797	0.0812869
7876	17	17	1
7877	62	62	1
7878	1549	1549	1
7880	1449	1449	1
7883	978	978	1
7886	2420	211	0.0871901
7888	157	23	0.146497
7891	3444	454	0.131823
7893	39	39	1
7895	5774	788	0.136474
7896	514	514	1
7897	1925	1710	0.888312
7899	21	21	1
7902	15688	2295	0.14629
7903	37	37	1
7906	120	120	1
7909	45	45	1
7910	460	250	0.543478
7912	1458	398	0.272977
7914	208	28	0.134615
7915	5415	1790	0.330563
7920	19709	1599	0.0811304
7921	371	319	0.859838
7923	1598	1057	0.661452
7925	100	100	1
7927	52	17	0.326923
7930	224	50	0.223214
7935	212	28	0.132075
7940	1086	744	0.685083
7945	6366	790	0.124097
7949	2032	1960	0.964567
7950	9495	1788	0.18831
7952	4972	2308	0.4642
7957	947	849	0.896515
7960	100	100	1
7962	213	110	0.516432
7963	2046	230	0.112414
7965	156	20	0.128205
7967	189	29	0.153439
7968	341	138	0.404692
7974	516	69	0.133721
7978	63	9	0.142857
7982	1470	1384	0.941497
7989	179	41	0.22905
7990	58	58	1
7991	17066	2685	0.15733
7993	213	38	0.178404
7996	107	37	0.345794
7997	774	193	0.249354
7999	5601	2461	0.439386
8000	76	76	1
8001	1127	448	0.397516
8004	120	15	0.125
8007	13830	2353	0.170137
8008	370	178	0.481081
8009	1210	1072	0.88595
8010	1881	811	0.431154
8012	1099	1051	0.956324
8013	5291	983	0.185787
8019	2337	2337	1
8025	1551	1319	0.850419
8026	747	128	0.171352
8035	76	76	1
8038	519	519	1
8039	424	424	1
8042	2441	2441	1
8045	585	179	0.305983
8046	495	92	0.185859
8047	7857	2646	0.33677
8050	1178	878	0.745331
8051	353	353	1
8052	25	25	1
8059	122	122	1
8060	9	9	1
8061	70	10	0.142857
8064	2716	1213	0.446613
8065	106	34	0.320755
8067	32	32	1
8068	38	24	0.631579
8070	31	31	1
8071	77	11	0.142857
8073	2540	1865	0.734252
8074	1927	235	0.121951
8075	1297	1297	1
8079	14	14	1
8093	90	24	0.266667
8094	91	13	0.142857
8098	638	105	0.164577
8100	320	40	0.125
8102	100	14	0.14
8103	1408	155	0.110085
8110	923	103	0.111593
8112	1623	1608	0.990758
8114	95	16	0.168421
8118	165	47	0.284848
8120	170	22	0.129412
8123	5	5	1
8124	1723	1687	0.979106
8126	813	813	1
8130	13474	3091	0.229405
8131	176	176	1
8132	16	16	1
8133	18	18	1
8135	11415	2587	0.226632
8136	171	45	0.263158
8137	782	746	0.953964
8141	279	189	0.677419
8143	14743	1830	0.124127
8146	2299	274	0.119182
8147	1818	813	0.447195
8149	2462	2462	1
8150	2090	264	0.126316
8153	6195	826	0.133333
8159	77	77	1
8160	1246	1246	1
8162	34	28	0.823529
8164	1226	156	0.127243
8165	3243	564	0.173913
8168	548	220	0.40146
8171	14	14	1
8172	142	22	0.15493
8173	351	225	0.641026
8174	330	300	0.909091
8179	189	57	0.301587
8181	119	17	0.142857
8182	130	40	0.307692
8185	5	5	1
8186	777	92	0.118404
8187	611	611	1
8189	15038	3163	0.210334
8190	790	790	1
8192	18	18	1
8194	5255	776	0.147669
8196	655	655	1
8197	989	989	1
8198	10667	2177	0.204087
8200	5906	662	0.112089
8201	70	10	0.142857
8202	612	77	0.125817
8203	8767	755	0.0861184
8205	518	74	0.142857
8213	41	29	0.707317
8214	47	47	1
8217	316	132	0.417722
8221	3523	808	0.22935
8222	1513	137	0.0905486
8227	16516	4037	0.24443
8229	88	26	0.295455
8230	759	143	0.188406
8232	6	6	1
8234	818	707	0.864303
8235	8420	1127	0.133848
8236	490	281	0.573469
8241	1741	1553	0.892016
8243	480	264	0.55
8245	371	96	0.25876
8247	171	171	1
8252	31	31	1
8253	13313	1166	0.0875836
8255	238	238	1
8258	6585	1297	0.196963
8261	63	9	0.142857
8262	352	42	0.119318
8264	56	8	0.142857
8267	441	145	0.328798
8268	102	102	1
8274	67	67	1
8279	4089	4061	0.993152
8280	269	72	0.267658
8284	1450	1360	0.937931
8289	74	74	1
8290	848	683	0.805425
8291	3146	2252	0.71583
8292	1546	1432	0.926261
8295	454	454	1
8296	1027	453	0.441091
8299	953	953	1
8304	1503	1461	0.972056
8307	176	176	1
8308	1016	631	0.621063
8309	172	23	0.133721
8310	220	220	1
8312	231	231	1
8314	1107	485	0.438121
8320	36	36	1
8321	88	88	1
8325	416	70	0.168269
8327	1845	240	0.130081
8332	2392	1528	0.638796
8335	1604	1479	0.92207
8339	6976	3245	0.465166
8340	498	245	0.491968
8342	87	87	1
8343	1921	1526	0.794378
8347	1265	142	0.112253
8349	87	87	1
8351	901	789	0.875694
8353	4708	383	0.0813509
8355	1179	1179	1
8356	70	10	0.142857
8358	566	566	1
8362	12753	2921	0.229044
8363	674	443	0.65727
8366	3024	1595	0.527447
8369	3361	2584	0.768819
8374	13075	1118	0.0855067
8376	152	19	0.125
8377	39	39	1
8380	485	59	0.121649
8387	53	53	1
8392	785	113	0.143949
8393	319	69	0.216301
8395	53	53	1
8396	55	55	1
8397	226	226	1
8398	19	19	1
8399	31	31	1
8401	1129	543	0.480957
8402	105	15	0.142857
8403	227	32	0.140969
8409	31	31	1
8412	122	122	1
8416	240	30	0.125
8418	417	54	0.129496
8419	6708	665	0.0991354
8421	93	93	1
8423	1925	1925	1
8424	203	28	0.137931
8425	8	8	1
8429	325	325	1
8432	419	419	1
8436	479	479	1
8440	1002	728	0.726547
8446	602	74	0.122924
8448	8	2	0.25
8449	4414	596	0.135025
8450	314	314	1
8452	3974	666	0.167589
8455	985	985	1
8459	18634	1717	0.0921434
8464	199	73	0.366834
8468	998	998	1
8470	67	31	0.462687
8473	733	287	0.391542
8476	10891	1315	0.120742
8485	566	287	0.507067
8487	309	109	0.352751
8488	9	9	1
8489	89	34	0.382022
8492	14533	2082	0.14326
8493	281	91	0.323843
8494	438	256	0.584475
8496	1047	125	0.119389
8497	1056	815	0.77178
8498	82	82	1
8500	160	160	1
8502	318	38	0.119497
8504	701	110	0.156919
8508	396	234	0.590909
8511	21320	1876	0.0879925
8512	416	44	0.105769
8513	292	64	0.219178
8514	2571	1627	0.632828
8517	51	40	0.784314
8525	4386	837	0.190834
8529	2179	286	0.131253
8530	552	89	0.161232
8531	50	50	1
8533	3619	430	0.118817
8538	38	38	1
8539	15	15	1
8541	5183	1024	0.197569
8543	1519	213	0.140224
8545	2020	1930	0.955446
8546	7338	934	0.127283
8547	70	70	1
8552	1974	1212	0.613982
8556	12	12	1
8558	2583	296	0.114595
8561	120	98	0.816667
8562	691	120	0.173661
8563	41	35	0.853659
8564	2838	471	0.165962
8572	9475	1166	0.123061
8573	79	79	1
8575	483	378	0.782609
8576	10688	1642	0.15363
8580	382	50	0.13089
8581	36	36	1
8582	305	134	0.439344
8584	2709	2286	0.843854
8585	4466	2140	0.479176
8586	517	373	0.72147
8589	91	91	1
8591	2997	2676	0.892893
8595	138	43	0.311594
8597	197	27	0.137056
8604	30	30	1
8605	554	491	0.886282
8606	775	445	0.574194
8611	350	46	0.131429
8612	5057	706	0.139608
8614	2912	2781	0.955014
8615	47	47	1
8616	72	72	1
8617	296	144	0.486486
8623	14	14	1
8626	2758	2758	1
8627	632	323	0.511076
8630	8083	2756	0.340963
8631	10	10	1
8634	1464	168	0.114754
8637	451	451	1
8638	10970	2019	0.184047
8639	555	555	1
8644	352	69	0.196023
8646	22316	1941	0.086978
8647	189	189	1
8651	517	108	0.208897
8652	2821	2330	0.825948
8653	7452	1001	0.134326
8654	108	18	0.166667
8655	13954	1882	0.134872
8657	6	6	1
8658	16801	2200	0.130945
8660	3066	360	0.117417
8661	90	90	1
8666	787	787	1
8669	497	497	1
8670	31	31	1
8673	96	96	1
8674	1678	1428	0.851013
8678	1540	1034	0.671429
8682	925	925	1
8683	160	82	0.5125
8684	304	39	0.128289
8687	288	42	0.145833
8688	458	55	0.120087
8690	435	262	0.602299
8694	419	54	0.128878
8696	3611	392	0.108557
8698	696	696	1
8699	1038	681	0.656069
8700	1875	379	0.202133
8702	1255	1255	1
8710	167	22	0.131737
8712	10	10	1
8715	160	20	0.125
8716	133	19	0.142857
8717	25	25	1
8718	33	33	1
8719	114	15	0.131579
8720	251	39	0.155378
8721	1565	171	0.109265
8722	6916	1171	0.169318
8725	231	231	1
8726	90	90	1
8727	12720	4023	0.316274
8728	7139	891	0.124807
8729	11	11	1
8730	333	38	0.114114
8735	29	29	1
8736	441	56	0.126984
8739	921	402	0.436482
8740	22	22	1
8744	5383	3264	0.606353
8745	190	190	1
8748	233	47	0.201717
8750	260	36	0.138462
8751	1086	1086	1
8752	43	19	0.44186
8754	17903	2520	0.140759
8756	268	54	0.201493
8758	26451	2171	0.0820763
8760	615	135	0.219512
8761	106	22	0.207547
8765	925	925	1
8766	314	70	0.22293
8767	391	48	0.122762
8768	5487	871	0.158739
8773	12366	1882	0.152191
8775	550	490	0.890909
8776	16039	3032	0.189039
8777	156	156	1
8781	11793	2749	0.233104
8782	674	674	1
8783	237	31	0.130802
8784	111	111	1
8786	222	103	0.463964
8788	287	89	0.310105
8790	21300	3028	0.14216
8791	152	20	0.131579
8793	92	92	1
8794	1150	439	0.381739
8795	22170	4072	0.183672
8797	34	34	1
8799	26	26	1
8802	316	127	0.401899
8804	29	29	1
8806	5039	1992	0.395317
8810	324	44	0.135802
8811	1149	1149	1
8812	57	57	1
8816	97	97	1
8820	1470	1126	0.765986
8823	254	33	0.129921
8824	782	399	0.51023
8834	2078	2024	0.974013
8836	76	76	1
8837	505	88	0.174257
8838	195	195	1
8840	1395	198	0.141935
8842	1303	1303	1
8843	49	49	1
8845	1923	221	0.114925
8848	1235	1235	1
8849	1860	1830	0.983871
8851	47	47	1
8852	10154	1851	0.182293
8855	165	165	1
8861	550	550	1
8862	1352	863	0.638314
8863	576	107	0.185764
8865	194	54	0.278351
8867	1536	1258	0.81901
8869	187	27	0.144385
8870	7620	2115	0.277559
8871	19725	2151	0.109049
8872	5088	4000	0.786164
8876	7513	4026	0.535871
8881	2099	1829	0.871367
8884	625	625	1
8885	2063	226	0.109549
8889	4158	514	0.123617
8891	1813	636	0.3508
8892	82	82	1
8896	930	930	1
8897	2203	236	0.107127
8898	3404	439	0.128966
8899	341	48	0.140762
8901	13	13	1
8904	112	16	0.142857
8906	146	82	0.561644
8907	1544	185	0.119819
8909	611	229	0.374795
8913	186	186	1
8915	8730	999	0.114433
8919	87	14	0.16092
8921	2547	2094	0.822144
8922	269	45	0.167286
8923	18	18	1
8924	8054	2124	0.26372
8926	640	486	0.759375
8930	5680	983	0.173063
8931	13	13	1
8932	68	68	1
8935	3261	1288	0.394971
8937	415	376	0.906024
8939	6666	988	0.148215
8945	483	337	0.697723
8946	32	32	1
8949	664	175	0.263554
8953	96	96	1
8954	2214	2106	0.95122
8955	599	599	1
8956	1567	1325	0.845565
8959	3746	1106	0.295248
8964	2602	1071	0.411606
8965	64	64	1
8966	161	76	0.47205
8968	203	68	0.334975
8970	818	94	0.114914
8972	18	3	0.166667
8975	124	81	0.653226
8979	1645	204	0.124012
8982	89	89	1
8986	587	77	0.131175
8989	76	12	0.157895
8990	575	329	0.572174
8995	174	174	1
8997	1685	737	0.437389
8998	1748	355	0.203089
9000	83	83	1
9002	128	16	0.125
9005	398	398	1
9009	477	66	0.138365
9013	684	684	1
9014	1758	744	0.423208
9016	11	11	1
9017	22	22	1
9021	1581	1581	1
9022	4356	409	0.0938935
9024	148	148	1
9026	271	36	0.132841
9029	937	732	0.781217
9032	684	98	0.143275
9033	15859	2643	0.166656
9036	168	21	0.125
9038	141	29	0.205674
9045	281	227	0.807829
9046	453	258	0.569536
9047	806	734	0.91067
9049	11152	1276	0.114419
9050	7844	839	0.106961
9051	1007	531	0.527309
9052	545	80	0.146789
9058	55	55	1
9061	1306	229	0.175345
9063	6	6	1
9064	8674	3359	0.387249
9068	104	13	0.125
9070	18	4	0.222222
9071	426	426	1
9073	2035	221	0.1086
9080	44	44	1
9084	844	677	0.802133
9086	49	19	0.387755
9087	23	23	1
9088	4237	883	0.208402
9089	1783	193	0.108245
9090	1841	1386	0.752852
9091	1042	880	0.84453
9092	1182	157	0.132826
9093	1206	1181	0.97927
9095	476	67	0.140756
9097	391	83	0.212276
9101	19	19	1
9103	10841	1089	0.100452
9106	431	266	0.617169
9107	103	103	1
9108	564	74	0.131206
9109	69	11	0.15942
9110	1729	325	0.18797
9112	17	17	1
9115	98	14	0.142857
9116	2765	1219	0.440868
9117	824	824	1
9120	337	337	1
9122	202	202	1
9123	2186	268	0.122598
9127	826	826	1
9128	184	30	0.163043
9129	17	17	1
9130	5416	657	0.121307
9131	2405	847	0.352183
9132	1334	932	0.698651
9133	16677	2885	0.172993
9135	4527	4166	0.920256
9139	23823	3051	0.12807
9140	49	49	1
9144	1548	208	0.134367
9146	743	84	0.113055
9148	623	623	1
9149	1093	139	0.127173
9150	77	77	1
9151	13940	2746	0.196987
9154	14311	1599	0.111732
9155	1199	1192	0.994162
9158	422	51	0.120853
9160	858	146	0.170163
9161	3	3	1
9166	473	473	1
9175	1517	1329	0.876071
9177	245	63	0.257143
9183	801	530	0.661673
9185	2780	2708	0.974101
9188	24	24	1
9191	13534	1797	0.132777
9192	88	88	1
9194	1201	1201	1
9198	233	89	0.381974
9202	136	17	0.125
9203	2790	542	0.194265
9204	42	42	1
9207	9	9	1
9208	16	16	1
9210	12130	2059	0.169744
9212	210	64	0.304762
9213	2246	264	0.117542
9214	13	13	1
9217	184	28	0.152174
9218	96	16	0.166667
9219	7147	1017	0.142297
9220	28	28	1
9225	18	18	1
9228	330	330	1
9235	201	166	0.825871
9236	27	27	1
9239	620	98	0.158065
9241	1931	1769	0.916106
9242	115	115	1
9243	295	64	0.216949
9246	48	48	1
9247	1736	217	0.125
9248	129	17	0.131783
9253	2928	2320	0.79235
9255	250	32	0.128
9257	1606	1428	0.889166
9259	416	52	0.125
9260	5180	785	0.151544
9262	1670	1388	0.831138
9264	570	486	0.852632
9269	136	136	1
9280	2117	517	0.244214
9283	59	59	1
9284	229	229	1
9286	25012	2749	0.109907
9288	448	56	0.125
9291	678	224	0.330383
9293	1693	971	0.573538
9294	213	28	0.131455
9297	43	43	1
9300	13	13	1
9301	1802	203	0.112653
9302	1234	1077	0.872771
9304	286	208	0.727273
9306	242	226	0.933884
9309	14	14	1
9310	1284	1234	0.961059
9312	98	14	0.142857
9317	3129	2953	0.943752
9318	779	779	1
9320	15	15	1
9325	168	42	0.25
9330	3321	477	0.143631
9332	7863	2782	0.353809
9336	200	122	0.61
9343	7110	729	0.102532
9348	248	248	1
9350	216	48	0.222222
9352	275	89	0.323636
9353	986	986	1
9354	28	28	1
9356	389	389	1
9358	210	29	0.138095
9360	836	591	0.706938
9364	2671	325	0.121677
9366	328	41	0.125
9367	578	578	1
9368	284	38	0.133803
9370	884	693	0.783937
9372	1281	1281	1
9373	24	24	1
9374	1335	1075	0.805243
9375	69	69	1
9376	8266	2640	0.319381
9377	65	41	0.630769
9380	2297	2130	0.927296
9382	32	32	1
9384	190	24	0.126316
9385	504	328	0.650794
9386	649	649	1
9387	14	14	1
9389	57	57	1
9392	121	79	0.652893
9393	1257	642	0.51074
9397	272	40	0.147059
9398	589	136	0.2309
9399	7727	2006	0.259609
9400	260	260	1
9404	1052	920	0.874525
9405	3618	450	0.124378
9406	24	24	1
9410	2275	808	0.355165
9416	295	54	0.183051
9417	392	84	0.214286
9420	659	84	0.127466
9422	90	48	0.533333
9424	5591	751	0.134323
9427	398	51	0.128141
9428	151	151	1
9429	306	306	1
9430	1239	347	0.280065
9431	1121	134	0.119536
9433	480	98	0.204167
9436	852	98	0.115023
9438	1623	1553	0.95687
9445	2386	2049	0.858759
9447	3302	3050	0.923683
9450	20	20	1
9451	61	61	1
9452	238	238	1
9453	33	33	1
9455	12170	2632	0.21627
9456	111	111	1
9457	1805	1739	0.963435
9458	1336	311	0.232784
9459	222	39	0.175676
9461	212	58	0.273585
9462	4155	466	0.112154
9466	6081	773	0.127117
9467	3704	1417	0.382559
9468	1745	1210	0.69341
9472	277	277	1
9473	538	83	0.154275
9477	352	352	1
9478	685	73	0.106569
9479	899	385	0.428254
9480	40	40	1
9482	346	40	0.115607
9485	3343	1071	0.320371
9487	304	108	0.355263
9488	2441	423	0.17329
9489	2089	1895	0.907133
9490	56	8	0.142857
9491	139	49	0.352518
9492	52	17	0.326923
9494	45	45	1
9495	674	674	1
9498	1636	1490	0.910758
9501	14329	1018	0.0710447
9503	949	949	1
9504	38	38	1
9508	7729	1001	0.129512
9514	270	39	0.144444
9515	75	75	1
9522	236	33	0.139831
9525	544	544	1
9526	1865	1734	0.929759
9527	8605	2667	0.309936
9529	16729	2416	0.14442
9532	10590	2681	0.253163
9534	23954	3769	0.157343
9538	26974	2452	0.0909024
9543	78	78	1
9544	990	131	0.132323
9547	130	30	0.230769
9549	104	13	0.125
9550	6470	749	0.115765
9553	889	858	0.965129
9557	71	71	1
9561	480	368	0.766667
9564	2078	2021	0.97257
9565	20849	1977	0.0948247
9567	1558	224	0.143774
9569	21	21	1
9572	198	25	0.126263
9574	1041	825	0.792507
9575	738	738	1
9578	5453	915	0.167798
9579	840	427	0.508333
9581	341	341	1
9583	945	945	1
9586	133	133	1
9588	1396	178	0.127507
9600	325	46	0.141538
9601	440	440	1
9602	892	765	0.857623
9603	401	82	0.204489
9604	63	15	0.238095
9605	312	312	1
9606	94	94	1
9608	66	66	1
9609	20	12	0.6
9610	96	12	0.125
9612	554	76	0.137184
9615	1295	465	0.359073
9616	422	56	0.132701
9617	15550	2274	0.146238
9618	2522	294	0.116574
9619	198	27	0.136364
9624	16	16	1
9628	547	354	0.647166
9630	431	431	1
9632	201	53	0.263682
9634	18	18	1
9635	2265	1655	0.730684
9637	554	524	0.945848
9638	13637	3686	0.270294
9639	1196	1196	1
9642	336	42	0.125
9644	911	911	1
9646	488	362	0.741803
9651	141	30	0.212766
9653	1033	1033	1
9657	136	38	0.279412
9658	1633	244	0.149418
9659	415	48	0.115663
9661	170	135	0.794118
9663	80	10	0.125
9664	210	29	0.138095
9666	18	18	1
9668	75	75	1
9669	1738	228	0.131185
9671	198	68	0.343434
9673	449	88	0.195991
9674	204	44	0.215686
9678	437	437	1
9679	7907	2323	0.29379
9683	7797	1312	0.16827
9684	21	21	1
9685	112	14	0.125
9687	492	389	0.79065
9689	1969	478	0.242763
9690	211	211	1
9698	169	26	0.153846
9699	283	66	0.233216
9701	14075	1446	0.102735
9704	10915	2171	0.198901
9706	168	24	0.142857
9707	5315	1894	0.35635
9708	13	13	1
9709	6	6	1
9710	2906	2737	0.941844
9712	103	103	1
9715	9320	1070	0.114807
9717	482	410	0.850622
9719	106	34	0.320755
9720	38	38	1
9721	357	357	1
9723	129	43	0.333333
9725	183	25	0.136612
9726	151	151	1
9734	10374	1085	0.104588
9739	4331	1398	0.322789
9743	127	127	1
9744	393	393	1
9745	192	192	1
9746	284	95	0.334507
9747	123	16	0.130081
9748	137	137	1
9750	37	9	0.243243
9752	2144	2016	0.940299
9753	5617	1562	0.278084
9754	10	10	1
9757	26054	3558	0.136563
9761	772	193	0.25
9762	460	460	1
9764	2213	250	0.112969
9765	546	430	0.787546
9766	2378	2019	0.849033
9769	618	286	0.462783
9770	138	47	0.34058
9771	6896	1083	0.157048
9772	221	49	0.221719
9776	55	55	1
9777	163	163	1
9778	142	30	0.211268
9779	265	97	0.366038
9782	849	777	0.915194
9783	1337	1092	0.816754
9784	472	472	1
9785	645	360	0.55814
9790	318	125	0.393082
9792	1956	1956	1
9795	1207	1101	0.912179
9796	385	63	0.163636
9797	235	39	0.165957
9798	260	135	0.519231
9804	4	4	1
9805	87	87	1
9807	110	96	0.872727
9809	1939	1919	0.989685
9812	87	87	1
9814	238	34	0.142857
9817	1754	1139	0.649373
9823	322	322	1
9824	258	34	0.131783
9826	82	82	1
9828	959	791	0.824818
9829	2545	1958	0.769352
9833	201	201	1
9834	2413	320	0.132615
9835	18	3	0.166667
9836	336	46	0.136905
9837	6556	1345	0.205156
9838	73	73	1
9841	54	54	1
9843	320	320	1
9844	5086	1446	0.28431
9846	815	815	1
9847	255	53	0.207843
9854	201	31	0.154229
9856	1042	814	0.78119
9858	921	608	0.660152
9859	84	12	0.142857
9860	151	37	0.245033
9861	182	24	0.131868
9866	11534	1410	0.122247
9867	1879	1361	0.724321
9868	265	54	0.203774
9869	1350	182	0.134815
9873	440	79	0.179545
9875	49	24	0.489796
9877	220	220	1
9878	264	147	0.556818
9881	6708	694	0.103459
9884	105	28	0.266667
9885	8235	1199	0.145598
9886	41	41	1
9892	19	19	1
9894	37	25	0.675676
9895	225	225	1
9897	103	103	1
9899	2896	2029	0.700622
9900	450	57	0.126667
9902	20	20	1
9905	2363	1572	0.665256
9906	359	75	0.208914
9907	129	45	0.348837
9908	1495	1393	0.931773
9910	118	62	0.525424
9911	11	11	1
9913	2150	1437	0.668372
9914	480	480	1
9915	179	179	1
9918	2698	219	0.0811712
9920	1316	1112	0.844985
9921	314	75	0.238854
9922	36	36	1
9923	2174	261	0.120055
9927	3748	1742	0.464781
9928	11199	2640	0.235735
9929	427	269	0.629977
9930	752	500	0.664894
9931	12117	2018	0.166543
9933	456	258	0.565789
9935	96	12	0.125
9938	6171	673	0.109058
9939	47	47	1
9940	58	58	1
9942	654	607	0.928135
9944	39	14	0.358974
9947	154	22	0.142857
9949	1272	1223	0.961478
9953	296	37	0.125
9955	1481	741	0.500338
9956	3	3	1
9961	1776	402	0.226351
9964	462	172	0.372294
9966	17	17	1
9967	4160	509	0.122356
9969	11158	2405	0.21554
9972	470	64	0.13617
9973	19	19	1
9977	428	113	0.264019
9978	67	67	1
9981	500	109	0.218
9982	6577	941	0.143074
9987	61	61	1
9989	29153	3194	0.10956
9990	635	164	0.258268
9991	105	15	0.142857
9992	31	31	1
9993	364	181	0.497253
9994	1809	178	0.0983969
9995	137	137	1
9996	493	346	0.701826
9997	608	608	1
9999	58	58	1
